0 68.5 109.5 106.5 32.0 
1 65.25 58.25 60.5 32.0 
2 57.5 45.0 45.75 40.5 
3 52.0 38.25 35.75 40.5 
4 47.75 30.0 30.25 29.5 
5 48.0 27.0 24.0 29.5 
6 43.75 23.75 21.75 21.5 
7 40.5 21.75 17.5 21.5 
8 38.0 20.25 15.25 17.5 
9 36.5 19.0 14.75 17.5 
10 35.5 18.0 14.5 16.0 
11 35.25 17.25 13.0 16.0 
12 35.0 16.5 12.25 9.0 
13 35.0 16.0 12.0 9.0 
14 34.75 15.5 10.75 5.0 
15 34.25 14.75 10.0 5.0 
16 34.0 14.5 9.75 8.5 
17 34.0 14.25 9.75 8.5 
18 34.0 13.75 9.5 7.0 
19 33.75 13.25 9.5 7.0 
20 33.5 13.0 9.25 6.0 
21 33.5 12.5 8.5 6.0 
22 33.5 12.0 8.0 5.0 
23 34.25 12.0 7.75 5.0 
24 33.5 12.0 7.5 6.5 
25 33.0 12.0 7.5 6.5 
26 33.0 12.0 7.5 6.5 
27 33.0 12.0 7.5 6.5 
28 33.0 12.0 7.5 5.5 
29 33.0 12.0 7.5 5.5 
30 33.0 12.0 7.5 3.0 
31 33.0 12.0 7.5 3.0 
32 33.0 12.0 7.5 3.5 
33 33.0 12.0 7.25 3.5 
34 33.0 12.0 6.75 4.5 
35 33.0 12.0 6.5 4.5 
36 33.0 12.0 6.25 7.5 
37 33.0 12.0 6.0 7.5 
38 33.0 12.0 6.0 8.0 
39 33.0 12.0 6.0 8.0 
40 33.0 12.0 6.0 6.0 
41 33.0 12.0 6.0 6.0 
42 33.0 12.0 6.0 3.5 
43 33.0 12.0 6.0 3.5 
44 33.0 12.0 6.0 5.0 
45 33.0 12.0 6.0 5.0 
46 33.0 12.0 6.0 4.0 
47 33.0 12.0 5.5 4.0 
48 33.0 12.0 5.5 3.0 
49 33.0 12.0 5.5 3.0 
