0 32.75 50.5 63.0 14.666666984558105 
1 28.25 29.0 37.5 14.666666984558105 
2 24.0 21.0 25.0 8.666666984558105 
3 22.5 17.0 21.5 8.666666984558105 
4 21.25 12.5 17.0 11.333333015441895 
5 21.0 10.75 16.5 11.333333015441895 
6 21.0 10.0 14.25 8.666666984558105 
7 20.0 9.5 12.5 8.666666984558105 
8 18.25 9.0 11.5 11.333333015441895 
9 17.5 8.5 10.75 11.333333015441895 
10 17.25 7.5 10.0 14.0 
11 17.25 6.75 9.25 14.0 
12 17.0 6.5 8.75 14.666666984558105 
13 16.5 6.5 8.0 14.666666984558105 
14 16.5 6.25 8.0 8.666666984558105 
15 16.5 6.0 7.75 8.666666984558105 
16 16.5 6.0 7.5 9.333333015441895 
17 16.5 6.0 7.0 9.333333015441895 
18 16.5 6.0 6.0 10.666666984558105 
19 16.25 6.0 5.0 10.666666984558105 
20 16.0 6.0 4.5 6.0 
21 16.0 6.0 4.5 6.0 
22 16.0 5.75 4.5 9.333333015441895 
23 16.0 5.5 4.5 9.333333015441895 
24 16.0 5.5 4.5 0.6666666865348816 
25 16.0 5.5 5.0 0.6666666865348816 
26 16.0 5.5 4.75 0.0 
27 16.0 5.5 4.0 0.0 
28 16.0 5.5 4.0 0.0 
29 16.0 5.5 4.0 0.0 
30 16.0 5.5 3.75 0.0 
31 16.0 5.5 4.5 0.0 
32 16.0 5.5 4.5 0.0 
33 16.5 5.5 4.5 0.0 
34 17.0 5.5 4.5 0.0 
35 16.0 5.5 4.5 0.0 
36 16.0 5.5 4.5 0.0 
37 16.0 5.5 4.5 0.0 
38 16.0 5.5 4.5 0.0 
39 17.0 5.5 4.5 0.0 
40 16.0 5.5 4.5 0.0 
41 16.0 5.5 4.5 0.0 
42 16.0 5.5 4.5 0.0 
43 16.0 5.5 4.5 0.0 
44 16.0 5.5 4.5 0.0 
45 16.0 5.5 4.5 0.0 
46 16.5 5.5 4.5 0.0 
47 16.0 5.5 4.5 0.0 
48 16.0 5.5 4.25 0.0 
49 16.0 5.5 4.25 0.0 
