0 14.666666666666666
1 14.666666666666666
2 8.666666666666666
3 8.666666666666666
4 11.333333333333334
5 11.333333333333334
6 8.666666666666666
7 8.666666666666666
8 11.333333333333334
9 11.333333333333334
10 14.0
11 14.0
12 14.666666666666666
13 14.666666666666666
14 8.666666666666666
15 8.666666666666666
16 9.333333333333334
17 9.333333333333334
18 10.666666666666666
19 10.666666666666666
20 6.0
21 6.0
22 9.333333333333334
23 9.333333333333334
24 0.6666666666666666
25 0.6666666666666666
26 0.0
27 0.0
28 0.0
29 0.0
30 0.0
31 0.0
32 0.0
33 0.0
34 0.0
35 0.0
36 0.0
37 0.0
38 0.0
39 0.0
40 0.0
41 0.0
42 0.0
43 0.0
44 0.0
45 0.0
46 0.0
47 0.0
48 0.0
49 0.0
