 0 10
 0 68
 1 55
 1 62
 1 150
 2 19
 2 92
 2 103
 2 154
 3 139
 4 63
 4 101
 4 168
 4 193
 5 101
 5 123
 5 154
 5 178
 6 144
 6 196
 7 47
 7 113
 7 114
 7 142
 7 154
 8 133
 8 176
 9 74
 9 96
 9 190
 10 74
 10 153
 10 189
 11 69
 11 80
 11 85
 12 122
 13 196
 14 23
 14 34
 14 154
 14 199
 15 132
 16 32
 16 133
 16 164
 16 187
 17 31
 18 34
 18 52
 18 129
 18 138
 18 167
 18 171
 18 198
 19 27
 19 101
 19 137
 20 61
 20 72
 20 172
 21 93
 21 144
 21 149
 22 40
 23 68
 23 135
 23 136
 23 141
 23 196
 24 69
 24 79
 24 172
 25 44
 26 37
 26 159
 27 186
 28 54
 28 160
 29 55
 29 90
 29 113
 29 127
 29 157
 30 52
 30 161
 30 189
 31 34
 31 112
 32 38
 32 152
 33 86
 34 103
 34 157
 34 161
 34 197
 35 99
 35 136
 35 142
 36 41
 36 105
 36 128
 36 160
 37 92
 37 174
 38 199
 39 51
 39 134
 40 163
 40 198
 41 67
 41 86
 41 96
 41 170
 41 182
 42 131
 43 58
 43 118
 43 136
 43 137
 43 194
 44 119
 45 67
 45 127
 45 161
 46 89
 46 99
 47 63
 47 70
 47 155
 47 159
 47 190
 48 182
 48 183
 49 73
 49 81
 49 83
 49 88
 50 192
 51 52
 51 80
 51 91
 51 110
 51 124
 51 192
 52 110
 52 129
 53 81
 53 111
 54 65
 54 118
 55 85
 55 87
 55 113
 55 126
 55 149
 56 87
 57 74
 57 130
 57 137
 57 186
 58 103
 58 136
 58 197
 59 63
 59 143
 59 169
 60 81
 60 113
 60 139
 60 173
 60 189
 61 108
 61 109
 61 187
 62 122
 62 158
 63 94
 63 107
 63 141
 63 179
 64 72
 64 114
 64 127
 64 177
 66 154
 67 76
 67 130
 68 154
 68 175
 68 190
 71 165
 71 197
 72 136
 73 168
 74 107
 74 131
 74 162
 74 184
 75 191
 76 159
 77 105
 77 174
 77 177
 78 81
 79 115
 79 119
 79 125
 79 147
 80 198
 82 185
 83 103
 84 150
 85 86
 85 87
 85 126
 85 137
 86 114
 86 128
 86 188
 87 167
 88 96
 88 102
 88 148
 89 143
 89 171
 89 172
 90 120
 91 173
 92 96
 92 123
 94 128
 94 191
 95 156
 96 105
 96 123
 96 133
 96 188
 97 110
 97 120
 97 185
 98 137
 98 182
 100 133
 101 105
 101 192
 102 137
 103 141
 103 148
 103 194
 104 113
 105 121
 105 187
 106 120
 107 117
 107 152
 107 155
 109 161
 110 147
 110 166
 111 136
 112 197
 114 151
 116 124
 116 167
 118 126
 118 143
 119 185
 120 177
 121 140
 121 163
 122 141
 123 152
 124 146
 126 173
 127 177
 129 175
 130 187
 132 183
 134 172
 137 143
 139 188
 145 192
 150 151
 152 185
 153 178
 155 177
 155 181
 155 195
 156 166
 160 168
 163 190
 164 171
 170 176
 172 197
 173 180
 179 180
 179 193
