0 2
0 8
0 37
0 66
0 95
1 10
1 12
1 92
2 43
2 48
2 86
3 52
3 66
4 13
5 13
5 22
5 25
5 86
6 12
6 23
6 44
6 60
6 71
7 47
7 50
7 51
7 59
7 94
8 16
8 32
8 46
8 64
8 81
9 84
10 14
10 15
10 58
11 55
11 65
11 98
12 32
12 54
13 56
13 63
14 37
15 47
15 99
16 17
16 78
17 39
17 55
17 66
17 69
17 98
18 39
18 46
18 49
19 57
20 26
21 63
21 71
22 41
23 54
23 64
24 39
24 47
24 75
24 79
24 97
25 55
25 57
25 61
25 77
27 45
27 62
27 66
27 76
28 29
28 86
28 95
29 50
29 60
30 64
31 76
32 37
32 67
33 85
34 45
34 56
34 83
35 42
35 71
35 73
36 75
36 77
38 54
39 94
40 69
40 87
40 99
41 58
42 74
42 76
42 92
43 60
44 48
45 91
45 96
47 69
47 96
50 60
50 71
52 54
53 91
54 57
54 78
54 82
55 59
55 71
56 59
56 78
56 99
58 68
58 78
59 70
60 80
60 88
61 81
63 86
65 69
65 71
65 73
65 80
65 87
67 77
67 84
67 90
68 71
68 80
70 96
71 73
72 84
77 80
79 94
80 87
87 88
89 97
92 93