 0 29
 0 35
 0 59
 0 119
 1 35
 1 86
 1 99
 1 102
 1 116
 1 142
 2 6
 2 27
 2 45
 2 62
 2 90
 2 141
 3 75
 4 37
 4 57
 4 79
 4 92
 4 117
 4 139
 5 37
 5 77
 5 79
 5 83
 6 7
 6 17
 6 35
 6 39
 6 85
 6 143
 7 132
 7 141
 8 68
 8 71
 9 44
 9 51
 9 77
 9 97
 9 102
 9 106
 10 27
 10 64
 10 78
 10 147
 11 33
 11 64
 12 108
 13 40
 13 77
 13 107
 13 130
 13 142
 13 148
 14 18
 14 53
 14 124
 15 102
 16 40
 16 47
 16 73
 16 104
 16 147
 18 27
 18 91
 18 149
 19 100
 20 135
 20 137
 21 62
 21 95
 21 135
 21 143
 22 148
 23 92
 23 93
 23 97
 24 111
 25 57
 26 48
 26 56
 26 72
 26 73
 27 42
 27 55
 27 62
 27 70
 27 142
 28 59
 28 111
 28 118
 28 124
 29 40
 29 60
 29 107
 29 145
 30 124
 31 34
 31 40
 31 91
 31 98
 32 37
 32 43
 33 131
 33 144
 34 44
 34 142
 35 68
 35 114
 36 47
 36 87
 36 136
 37 40
 37 41
 37 45
 37 132
 37 137
 38 144
 39 43
 39 99
 40 106
 41 113
 42 50
 42 69
 43 126
 45 53
 45 93
 45 111
 45 140
 46 75
 46 145
 47 60
 47 65
 47 70
 49 128
 50 127
 50 128
 50 132
 51 57
 51 82
 51 119
 51 123
 51 133
 51 146
 52 141
 53 62
 53 97
 53 139
 54 64
 55 77
 55 81
 56 85
 56 92
 56 136
 56 145
 58 88
 58 92
 58 121
 58 143
 60 62
 60 115
 61 132
 62 125
 62 134
 63 142
 65 71
 65 72
 66 108
 67 78
 67 119
 68 135
 68 144
 69 105
 69 136
 70 129
 71 109
 71 120
 72 101
 72 129
 72 140
 73 94
 73 102
 74 130
 76 112
 78 93
 78 122
 78 124
 79 128
 79 142
 80 118
 83 118
 84 113
 87 148
 88 96
 89 91
 89 93
 90 131
 90 149
 92 132
 93 97
 93 98
 94 102
 94 149
 97 110
 97 132
 98 101
 98 124
 98 144
 101 103
 101 106
 106 127
 106 133
 109 125
 112 126
 113 129
 113 133
 114 149
 115 144
 121 138
 126 149
 131 135
 141 144
