 0 6
 0 44
 0 84
 0 199
 1 24
 1 277
 2 18
 2 55
 2 95
 2 155
 2 249
 2 285
 3 62
 3 87
 3 205
 3 265
 3 293
 4 130
 5 95
 5 256
 5 292
 6 43
 6 115
 6 160
 6 239
 6 258
 6 297
 7 60
 7 72
 7 109
 7 193
 7 199
 7 213
 7 250
 7 296
 8 130
 8 195
 8 262
 9 85
 9 182
 9 200
 9 225
 10 129
 10 175
 10 299
 11 50
 11 141
 11 159
 11 183
 12 26
 12 114
 12 197
 12 245
 13 26
 13 156
 13 187
 13 246
 13 261
 14 297
 15 171
 15 250
 16 106
 16 111
 16 231
 17 38
 17 102
 17 299
 18 75
 18 90
 18 234
 18 249
 19 21
 19 88
 19 243
 19 277
 20 161
 21 144
 22 112
 22 122
 22 288
 23 56
 23 102
 23 164
 23 198
 25 69
 25 130
 25 188
 26 134
 27 79
 27 90
 27 169
 27 266
 28 137
 29 181
 29 266
 29 275
 30 150
 30 294
 31 76
 31 94
 31 124
 31 289
 32 41
 32 140
 32 146
 32 154
 33 116
 33 137
 34 87
 34 88
 34 103
 34 134
 35 160
 35 270
 36 51
 36 59
 37 55
 37 85
 37 228
 37 281
 38 63
 38 240
 39 239
 39 294
 40 56
 40 261
 41 125
 42 54
 42 62
 42 254
 43 71
 44 58
 44 75
 44 170
 44 194
 45 49
 45 266
 45 283
 46 158
 47 56
 47 101
 47 173
 47 181
 47 253
 48 96
 48 113
 48 139
 49 145
 49 162
 49 229
 50 245
 51 151
 52 71
 52 158
 53 272
 54 128
 54 294
 56 62
 56 85
 56 159
 57 188
 57 191
 58 127
 59 64
 60 155
 61 69
 61 102
 61 217
 63 73
 63 119
 64 69
 65 227
 66 67
 66 227
 66 250
 67 94
 67 186
 68 105
 68 143
 69 92
 69 155
 69 247
 70 86
 70 116
 72 218
 72 262
 73 82
 73 207
 73 296
 74 242
 74 261
 74 284
 75 228
 75 230
 76 80
 76 135
 76 168
 77 145
 77 168
 77 237
 77 273
 78 79
 78 163
 78 190
 79 98
 79 134
 79 277
 79 285
 80 123
 81 262
 82 98
 82 175
 82 219
 83 111
 83 134
 83 160
 83 266
 83 293
 84 123
 85 171
 85 236
 86 124
 86 204
 87 281
 88 246
 89 102
 89 128
 89 136
 89 251
 90 123
 90 160
 90 239
 90 277
 91 162
 91 206
 93 231
 94 186
 94 199
 94 220
 94 248
 94 262
 95 160
 95 223
 96 204
 97 125
 97 252
 99 273
 100 145
 100 195
 100 217
 100 264
 101 124
 101 215
 101 299
 102 121
 102 146
 102 156
 102 225
 102 280
 104 256
 106 147
 106 249
 107 122
 107 125
 107 138
 107 198
 107 203
 107 237
 108 133
 108 139
 108 187
 108 263
 109 124
 109 186
 109 295
 110 231
 110 262
 111 128
 111 135
 111 236
 111 298
 112 135
 112 154
 112 159
 112 271
 114 152
 115 167
 115 221
 115 249
 116 168
 117 261
 118 136
 119 195
 120 184
 120 220
 122 164
 122 268
 122 269
 123 151
 124 269
 125 221
 126 163
 127 212
 127 275
 128 172
 128 226
 128 236
 129 254
 130 146
 130 276
 131 264
 132 277
 133 153
 133 186
 134 146
 136 139
 136 225
 137 231
 137 237
 138 157
 138 222
 141 147
 141 243
 141 266
 142 186
 143 148
 143 184
 143 208
 145 162
 145 194
 145 224
 146 211
 147 266
 149 186
 149 191
 149 194
 149 293
 151 277
 154 167
 155 241
 157 168
 157 260
 158 218
 158 255
 158 286
 160 177
 160 211
 160 254
 161 174
 161 214
 163 169
 163 243
 165 266
 166 202
 167 213
 167 224
 168 180
 168 190
 168 230
 168 256
 169 214
 169 234
 170 210
 170 287
 171 218
 174 266
 174 273
 174 276
 175 194
 176 264
 178 208
 178 239
 179 185
 180 213
 181 192
 181 217
 183 209
 183 263
 186 265
 186 282
 187 199
 187 268
 189 209
 189 242
 191 263
 192 250
 193 283
 194 291
 196 234
 199 236
 201 220
 203 219
 204 282
 206 251
 206 268
 207 240
 208 297
 211 262
 212 217
 212 232
 214 218
 215 245
 215 259
 215 271
 215 297
 216 247
 218 233
 220 231
 220 242
 221 224
 221 231
 222 235
 222 266
 228 281
 231 258
 231 265
 231 294
 232 280
 232 290
 233 239
 238 239
 238 270
 238 273
 239 253
 241 255
 242 245
 243 268
 243 274
 244 287
 245 278
 247 276
 247 283
 248 271
 248 282
 250 254
 250 264
 252 267
 252 272
 254 260
 256 273
 257 298
 259 278
 262 266
 263 279
 269 279
 284 288
 284 297
 297 298
