 0 63
 1 13
 1 106
 1 120
 2 3
 2 19
 2 21
 2 23
 2 79
 3 7
 3 28
 3 32
 3 37
 3 39
 3 93
 3 101
 4 35
 4 73
 4 88
 4 96
 5 39
 6 9
 6 19
 6 21
 6 88
 6 111
 7 41
 7 55
 7 86
 8 72
 9 11
 9 86
 9 117
 9 120
 10 12
 10 21
 10 68
 10 100
 10 104
 11 39
 12 75
 12 93
 12 114
 13 24
 13 33
 13 61
 13 68
 14 114
 15 66
 15 98
 16 26
 16 48
 17 24
 17 92
 17 103
 17 105
 18 30
 18 36
 18 42
 18 80
 18 105
 19 46
 19 61
 19 72
 19 78
 20 35
 20 101
 21 25
 21 27
 21 33
 21 47
 22 26
 22 63
 22 71
 23 119
 24 86
 25 28
 25 77
 25 118
 26 44
 26 56
 26 98
 27 66
 27 113
 27 122
 28 72
 29 39
 29 107
 30 76
 30 87
 30 107
 30 123
 31 116
 31 123
 32 35
 32 59
 32 65
 32 77
 32 105
 33 90
 34 52
 34 104
 34 115
 35 47
 36 84
 38 103
 39 62
 39 69
 39 98
 40 41
 40 93
 40 123
 41 120
 42 80
 43 84
 43 86
 43 91
 43 106
 43 113
 44 84
 44 102
 45 73
 45 84
 46 82
 46 98
 48 110
 48 121
 49 50
 49 52
 49 83
 49 116
 50 97
 51 71
 51 74
 51 78
 51 100
 52 58
 52 99
 53 109
 54 64
 54 106
 54 107
 56 69
 56 107
 57 97
 58 91
 58 98
 58 115
 59 93
 59 102
 60 63
 60 99
 62 101
 63 102
 63 105
 65 111
 67 99
 69 72
 70 93
 70 99
 71 87
 72 106
 73 121
 78 107
 80 81
 82 94
 82 102
 82 105
 85 106
 85 117
 86 116
 87 124
 89 109
 90 113
 92 123
 94 99
 95 111
 100 114
 102 113
 103 108
 106 123
 108 121
 109 123
 112 117
 113 117
 120 121
