0 10
0 68
1 55
1 62
1 150
2 19
2 92
2 103
2 154
3 139
4 63
4 101
4 168
4 193
5 101
5 123
5 154
5 178
6 144
6 196
7 47
7 113
7 114
7 142
7 154
8 133
8 176
9 74
9 96
9 190
10 74
10 153
10 189
11 69
11 80
11 85
12 122
13 196
14 23
14 34
14 154
14 199
15 132
16 32
16 133
16 164
16 187
17 31
18 34
18 52
18 129
18 138
18 167
18 171
18 198
19 27
19 101
19 137
20 61
20 72
20 172
21 93
21 144
21 149
22 40
23 68
23 135
23 136
23 141
23 196
24 69
24 79
24 172
25 44
26 37
26 159
27 186
28 54
28 160
29 55
29 90
29 113
29 127
29 157
30 52
30 161
30 189
31 34
31 112
32 38
32 152
33 86
34 103
34 157
34 161
34 197
35 99
35 136
35 142
36 41
36 105
36 128
36 160
37 92
37 174
38 199
39 51
39 134
40 163
40 198
41 67
41 86
41 96
41 170
41 182
42 131
43 58
43 118
43 136
43 137
43 194
44 119
45 67
45 127
45 161
46 89
46 99
47 63
47 70
47 155
47 159
47 190
48 182
48 183
49 73
49 81
49 83
49 88
50 192
51 52
51 80
51 91
51 110
51 124
51 192
52 110
52 129
53 81
53 111
54 65
54 118
55 85
55 87
55 113
55 126
55 149
56 87
57 74
57 130
57 137
57 186
58 103
58 136
58 197
59 63
59 143
59 169
60 81
60 113
60 139
60 173
60 189
61 108
61 109
61 187
62 122
62 158
63 94
63 107
63 141
63 179
64 72
64 114
64 127
64 177
66 154
67 76
67 130
68 154
68 175
68 190
71 165
71 197
72 136
73 168
74 107
74 131
74 162
74 184
75 191
76 159
77 105
77 174
77 177
78 81
79 115
79 119
79 125
79 147
80 198
82 185
83 103
84 150
85 86
85 87
85 126
85 137
86 114
86 128
86 188
87 167
88 96
88 102
88 148
89 143
89 171
89 172
90 120
91 173
92 96
92 123
94 128
94 191
95 156
96 105
96 123
96 133
96 188
97 110
97 120
97 185
98 137
98 182
100 133
101 105
101 192
102 137
103 141
103 148
103 194
104 113
105 121
105 187
106 120
107 117
107 152
107 155
109 161
110 147
110 166
111 136
112 197
114 151
116 124
116 167
118 126
118 143
119 185
120 177
121 140
121 163
122 141
123 152
124 146
126 173
127 177
129 175
130 187
132 183
134 172
137 143
139 188
145 192
150 151
152 185
153 178
155 177
155 181
155 195
156 166
160 168
163 190
164 171
170 176
172 197
173 180
179 180
179 193
0 11110
0 11168
1 11155
1 11162
1 111150
2 11119
2 11192
2 111103
2 111154
3 111139
4 11163
4 111101
4 111168
4 111193
5 111101
5 111123
5 111154
5 111178
6 111144
6 111196
7 11147
7 111113
7 111114
7 111142
7 111154
8 111133
8 111176
9 11174
9 11196
9 111190
10 11174
10 111153
10 111189
11 11169
11 11180
11 11185
12 111122
13 111196
14 11123
14 11134
14 111154
14 111199
15 111132
16 11132
16 111133
16 111164
16 111187
17 11131
18 11134
18 11152
18 111129
18 111138
18 111167
18 111171
18 111198
19 11127
19 111101
19 111137
20 11161
20 11172
20 111172
21 11193
21 111144
21 111149
22 11140
23 11168
23 111135
23 111136
23 111141
23 111196
24 11169
24 11179
24 111172
25 11144
26 11137
26 111159
27 111186
28 11154
28 111160
29 11155
29 11190
29 111113
29 111127
29 111157
30 11152
30 111161
30 111189
31 11134
31 111112
32 11138
32 111152
33 11186
34 111103
34 111157
34 111161
34 111197
35 11199
35 111136
35 111142
36 11141
36 111105
36 111128
36 111160
37 11192
37 111174
38 111199
39 11151
39 111134
40 111163
40 111198
41 11167
41 11186
41 11196
41 111170
41 111182
42 111131
43 11158
43 111118
43 111136
43 111137
43 111194
44 111119
45 11167
45 111127
45 111161
46 11189
46 11199
47 11163
47 11170
47 111155
47 111159
47 111190
48 111182
48 111183
49 11173
49 11181
49 11183
49 11188
50 111192
51 11152
51 11180
51 11191
51 111110
51 111124
51 111192
52 111110
52 111129
53 11181
53 111111
54 11165
54 111118
55 11185
55 11187
55 111113
55 111126
55 111149
56 11187
57 11174
57 111130
57 111137
57 111186
58 111103
58 111136
58 111197
59 11163
59 111143
59 111169
60 11181
60 111113
60 111139
60 111173
60 111189
61 111108
61 111109
61 111187
62 111122
62 111158
63 11194
63 111107
63 111141
63 111179
64 11172
64 111114
64 111127
64 111177
66 111154
67 11176
67 111130
68 111154
68 111175
68 111190
71 111165
71 111197
72 111136
73 111168
74 111107
74 111131
74 111162
74 111184
75 111191
76 111159
77 111105
77 111174
77 111177
78 11181
79 111115
79 111119
79 111125
79 111147
80 111198
82 111185
83 111103
84 111150
85 11186
85 11187
85 111126
85 111137
86 111114
86 111128
86 111188
87 111167
88 11196
88 111102
88 111148
89 111143
89 111171
89 111172
90 111120
91 111173
92 11196
92 111123
94 111128
94 111191
95 111156
96 111105
96 111123
96 111133
96 111188
97 111110
97 111120
97 111185
98 111137
98 111182
100 111133
101 111105
101 111192
102 111137
103 111141
103 111148
103 111194
104 111113
105 111121
105 111187
106 111120
107 111117
107 111152
107 111155
109 111161
110 111147
110 111166
111 111136
112 111197
114 111151
116 111124
116 111167
118 111126
118 111143
119 111185
120 111177
121 111140
121 111163
122 111141
123 111152
124 111146
126 111173
127 111177
129 111175
130 111187
132 111183
134 111172
137 111143
139 111188
145 111192
150 111151
152 111185
153 111178
155 111177
155 111181
155 111195
156 111166
160 111168
163 111190
164 111171
170 111176
172 111197
173 111180
179 111180
179 111193