0 10
0 68
1 55
1 62
1 150
2 19
2 92
2 103
2 154
3 139
4 63
4 101
4 168
4 193
5 101
5 123
5 154
5 178
6 144
6 196
7 47
7 113
7 114
7 142
7 154
8 133
8 176
9 74
9 96
9 190
10 74
10 153
10 189
11 69
11 80
11 85
12 122
13 196
14 23
14 34
14 154
14 199
15 132
16 32
16 133
16 164
16 187
17 31
18 34
18 52
18 129
18 138
18 167
18 171
18 198
19 27
19 101
19 137
20 61
20 72
20 172
21 93
21 144
21 149
22 40
23 68
23 135
23 136
23 141
23 196
24 69
24 79
24 172
25 44
26 37
26 159
27 186
28 54
28 160
29 55
29 90
29 113
29 127
29 157
30 52
30 161
30 189
31 34
31 112
32 38
32 152
33 86
34 103
34 157
34 161
34 197
35 99
35 136
35 142
36 41
36 105
36 128
36 160
37 92
37 174
38 199
39 51
39 134
40 163
40 198
41 67
41 86
41 96
41 170
41 182
42 131
43 58
43 118
43 136
43 137
43 194
44 119
45 67
45 127
45 161
46 89
46 99
47 63
47 70
47 155
47 159
47 190
48 182
48 183
49 73
49 81
49 83
49 88
50 192
51 52
51 80
51 91
51 110
51 124
51 192
52 110
52 129
53 81
53 111
54 65
54 118
55 85
55 87
55 113
55 126
55 149
56 87
57 74
57 130
57 137
57 186
58 103
58 136
58 197
59 63
59 143
59 169
60 81
60 113
60 139
60 173
60 189
61 108
61 109
61 187
62 122
62 158
63 94
63 107
63 141
63 179
64 72
64 114
64 127
64 177
66 154
67 76
67 130
68 154
68 175
68 190
71 165
71 197
72 136
73 168
74 107
74 131
74 162
74 184
75 191
76 159
77 105
77 174
77 177
78 81
79 115
79 119
79 125
79 147
80 198
82 185
83 103
84 150
85 86
85 87
85 126
85 137
86 114
86 128
86 188
87 167
88 96
88 102
88 148
89 143
89 171
89 172
90 120
91 173
92 96
92 123
94 128
94 191
95 156
96 105
96 123
96 133
96 188
97 110
97 120
97 185
98 137
98 182
100 133
101 105
101 192
102 137
103 141
103 148
103 194
104 113
105 121
105 187
106 120
107 117
107 152
107 155
109 161
110 147
110 166
111 136
112 197
114 151
116 124
116 167
118 126
118 143
119 185
120 177
121 140
121 163
122 141
123 152
124 146
126 173
127 177
129 175
130 187
132 183
134 172
137 143
139 188
145 192
150 151
152 185
153 178
155 177
155 181
155 195
156 166
160 168
163 190
164 171
170 176
172 197
173 180
179 180
179 193
0 11110
0 11168
1 11155
1 11162
1 111150
2 11119
2 11192
2 111103
2 111154
3 111139
4 11163
4 111101
4 111168
4 111193
5 111101
5 111123
5 111154
5 111178
6 111144
6 111196
7 11147
7 111113
7 111114
7 111142
7 111154
8 111133
8 111176
9 11174
9 11196
9 111190
10 11174
10 111153
10 111189
11 11169
11 11180
11 11185
12 111122
13 111196
14 11123
14 11134
14 111154
14 111199
15 111132
16 11132
16 111133
16 111164
16 111187
17 11131
18 11134
18 11152
18 111129
18 111138
18 111167
18 111171
18 111198
19 11127
19 111101
19 111137
20 11161
20 11172
20 111172
21 11193
21 111144
21 111149
22 11140
23 11168
23 111135
23 111136
23 111141
23 111196
24 11169
24 11179
24 111172
25 11144
26 11137
26 111159
27 111186
28 11154
28 111160
29 11155
29 11190
29 111113
29 111127
29 111157
30 11152
30 111161
30 111189
31 11134
31 111112
32 11138
32 111152
33 11186
34 111103
34 111157
34 111161
34 111197
35 11199
35 111136
35 111142
36 11141
36 111105
36 111128
36 111160
37 11192
37 111174
38 111199
39 11151
39 111134
40 111163
40 111198
41 11167
41 11186
41 11196
41 111170
41 111182
42 111131
43 11158
43 111118
43 111136
43 111137
43 111194
44 111119
45 11167
45 111127
45 111161
46 11189
46 11199
47 11163
47 11170
47 111155
47 111159
47 111190
48 111182
48 111183
49 11173
49 11181
49 11183
49 11188
50 111192
51 11152
51 11180
51 11191
51 111110
51 111124
51 111192
52 111110
52 111129
53 11181
53 111111
54 11165
54 111118
55 11185
55 11187
55 111113
55 111126
55 111149
56 11187
57 11174
57 111130
57 111137
57 111186
58 111103
58 111136
58 111197
59 11163
59 111143
59 111169
60 11181
60 111113
60 111139
60 111173
60 111189
61 111108
61 111109
61 111187
62 111122
62 111158
63 11194
63 111107
63 111141
63 111179
64 11172
64 111114
64 111127
64 111177
66 111154
67 11176
67 111130
68 111154
68 111175
68 111190
71 111165
71 111197
72 111136
73 111168
74 111107
74 111131
74 111162
74 111184
75 111191
76 111159
77 111105
77 111174
77 111177
78 11181
79 111115
79 111119
79 111125
79 111147
80 111198
82 111185
83 111103
84 111150
85 11186
85 11187
85 111126
85 111137
86 111114
86 111128
86 111188
87 111167
88 11196
88 111102
88 111148
89 111143
89 111171
89 111172
90 111120
91 111173
92 11196
92 111123
94 111128
94 111191
95 111156
96 111105
96 111123
96 111133
96 111188
97 111110
97 111120
97 111185
98 111137
98 111182
100 111133
101 111105
101 111192
102 111137
103 111141
103 111148
103 111194
104 111113
105 111121
105 111187
106 111120
107 111117
107 111152
107 111155
109 111161
110 111147
110 111166
111 111136
112 111197
114 111151
116 111124
116 111167
118 111126
118 111143
119 111185
120 111177
121 111140
121 111163
122 111141
123 111152
124 111146
126 111173
127 111177
129 111175
130 111187
132 111183
134 111172
137 111143
139 111188
145 111192
150 111151
152 111185
153 111178
155 111177
155 111181
155 111195
156 111166
160 111168
163 111190
164 111171
170 111176
172 111197
173 111180
179 111180
179 111193
0 22210
0 22268
1 22255
1 22262
1 222150
2 22219
2 22292
2 222103
2 222154
3 222139
4 22263
4 222101
4 222168
4 222193
5 222101
5 222123
5 222154
5 222178
6 222144
6 222196
7 22247
7 222113
7 222114
7 222142
7 222154
8 222133
8 222176
9 22274
9 22296
9 222190
10 22274
10 222153
10 222189
11 22269
11 22280
11 22285
12 222122
13 222196
14 22223
14 22234
14 222154
14 222199
15 222132
16 22232
16 222133
16 222164
16 222187
17 22231
18 22234
18 22252
18 222129
18 222138
18 222167
18 222171
18 222198
19 22227
19 222101
19 222137
20 22261
20 22272
20 222172
21 22293
21 222144
21 222149
22 22240
23 22268
23 222135
23 222136
23 222141
23 222196
24 22269
24 22279
24 222172
25 22244
26 22237
26 222159
27 222186
28 22254
28 222160
29 22255
29 22290
29 222113
29 222127
29 222157
30 22252
30 222161
30 222189
31 22234
31 222112
32 22238
32 222152
33 22286
34 222103
34 222157
34 222161
34 222197
35 22299
35 222136
35 222142
36 22241
36 222105
36 222128
36 222160
37 22292
37 222174
38 222199
39 22251
39 222134
40 222163
40 222198
41 22267
41 22286
41 22296
41 222170
41 222182
42 222131
43 22258
43 222118
43 222136
43 222137
43 222194
44 222119
45 22267
45 222127
45 222161
46 22289
46 22299
47 22263
47 22270
47 222155
47 222159
47 222190
48 222182
48 222183
49 22273
49 22281
49 22283
49 22288
50 222192
51 22252
51 22280
51 22291
51 222110
51 222124
51 222192
52 222110
52 222129
53 22281
53 222111
54 22265
54 222118
55 22285
55 22287
55 222113
55 222126
55 222149
56 22287
57 22274
57 222130
57 222137
57 222186
58 222103
58 222136
58 222197
59 22263
59 222143
59 222169
60 22281
60 222113
60 222139
60 222173
60 222189
61 222108
61 222109
61 222187
62 222122
62 222158
63 22294
63 222107
63 222141
63 222179
64 22272
64 222114
64 222127
64 222177
66 222154
67 22276
67 222130
68 222154
68 222175
68 222190
71 222165
71 222197
72 222136
73 222168
74 222107
74 222131
74 222162
74 222184
75 222191
76 222159
77 222105
77 222174
77 222177
78 22281
79 222115
79 222119
79 222125
79 222147
80 222198
82 222185
83 222103
84 222150
85 22286
85 22287
85 222126
85 222137
86 222114
86 222128
86 222188
87 222167
88 22296
88 222102
88 222148
89 222143
89 222171
89 222172
90 222120
91 222173
92 22296
92 222123
94 222128
94 222191
95 222156
96 222105
96 222123
96 222133
96 222188
97 222110
97 222120
97 222185
98 222137
98 222182
100 222133
101 222105
101 222192
102 222137
103 222141
103 222148
103 222194
104 222113
105 222121
105 222187
106 222120
107 222117
107 222152
107 222155
109 222161
110 222147
110 222166
111 222136
112 222197
114 222151
116 222124
116 222167
118 222126
118 222143
119 222185
120 222177
121 222140
121 222163
122 222141
123 222152
124 222146
126 222173
127 222177
129 222175
130 222187
132 222183
134 222172
137 222143
139 222188
145 222192
150 222151
152 222185
153 222178
155 222177
155 222181
155 222195
156 222166
160 222168
163 222190
164 222171
170 222176
172 222197
173 222180
179 222180
179 222193
0 22211110
0 22211168
1 22211155
1 22211162
1 222111150
2 22211119
2 22211192
2 222111103
2 222111154
3 222111139
4 22211163
4 222111101
4 222111168
4 222111193
5 222111101
5 222111123
5 222111154
5 222111178
6 222111144
6 222111196
7 22211147
7 222111113
7 222111114
7 222111142
7 222111154
8 222111133
8 222111176
9 22211174
9 22211196
9 222111190
10 22211174
10 222111153
10 222111189
11 22211169
11 22211180
11 22211185
12 222111122
13 222111196
14 22211123
14 22211134
14 222111154
14 222111199
15 222111132
16 22211132
16 222111133
16 222111164
16 222111187
17 22211131
18 22211134
18 22211152
18 222111129
18 222111138
18 222111167
18 222111171
18 222111198
19 22211127
19 222111101
19 222111137
20 22211161
20 22211172
20 222111172
21 22211193
21 222111144
21 222111149
22 22211140
23 22211168
23 222111135
23 222111136
23 222111141
23 222111196
24 22211169
24 22211179
24 222111172
25 22211144
26 22211137
26 222111159
27 222111186
28 22211154
28 222111160
29 22211155
29 22211190
29 222111113
29 222111127
29 222111157
30 22211152
30 222111161
30 222111189
31 22211134
31 222111112
32 22211138
32 222111152
33 22211186
34 222111103
34 222111157
34 222111161
34 222111197
35 22211199
35 222111136
35 222111142
36 22211141
36 222111105
36 222111128
36 222111160
37 22211192
37 222111174
38 222111199
39 22211151
39 222111134
40 222111163
40 222111198
41 22211167
41 22211186
41 22211196
41 222111170
41 222111182
42 222111131
43 22211158
43 222111118
43 222111136
43 222111137
43 222111194
44 222111119
45 22211167
45 222111127
45 222111161
46 22211189
46 22211199
47 22211163
47 22211170
47 222111155
47 222111159
47 222111190
48 222111182
48 222111183
49 22211173
49 22211181
49 22211183
49 22211188
50 222111192
51 22211152
51 22211180
51 22211191
51 222111110
51 222111124
51 222111192
52 222111110
52 222111129
53 22211181
53 222111111
54 22211165
54 222111118
55 22211185
55 22211187
55 222111113
55 222111126
55 222111149
56 22211187
57 22211174
57 222111130
57 222111137
57 222111186
58 222111103
58 222111136
58 222111197
59 22211163
59 222111143
59 222111169
60 22211181
60 222111113
60 222111139
60 222111173
60 222111189
61 222111108
61 222111109
61 222111187
62 222111122
62 222111158
63 22211194
63 222111107
63 222111141
63 222111179
64 22211172
64 222111114
64 222111127
64 222111177
66 222111154
67 22211176
67 222111130
68 222111154
68 222111175
68 222111190
71 222111165
71 222111197
72 222111136
73 222111168
74 222111107
74 222111131
74 222111162
74 222111184
75 222111191
76 222111159
77 222111105
77 222111174
77 222111177
78 22211181
79 222111115
79 222111119
79 222111125
79 222111147
80 222111198
82 222111185
83 222111103
84 222111150
85 22211186
85 22211187
85 222111126
85 222111137
86 222111114
86 222111128
86 222111188
87 222111167
88 22211196
88 222111102
88 222111148
89 222111143
89 222111171
89 222111172
90 222111120
91 222111173
92 22211196
92 222111123
94 222111128
94 222111191
95 222111156
96 222111105
96 222111123
96 222111133
96 222111188
97 222111110
97 222111120
97 222111185
98 222111137
98 222111182
100 222111133
101 222111105
101 222111192
102 222111137
103 222111141
103 222111148
103 222111194
104 222111113
105 222111121
105 222111187
106 222111120
107 222111117
107 222111152
107 222111155
109 222111161
110 222111147
110 222111166
111 222111136
112 222111197
114 222111151
116 222111124
116 222111167
118 222111126
118 222111143
119 222111185
120 222111177
121 222111140
121 222111163
122 222111141
123 222111152
124 222111146
126 222111173
127 222111177
129 222111175
130 222111187
132 222111183
134 222111172
137 222111143
139 222111188
145 222111192
150 222111151
152 222111185
153 222111178
155 222111177
155 222111181
155 222111195
156 222111166
160 222111168
163 222111190
164 222111171
170 222111176
172 222111197
173 222111180
179 222111180
179 222111193