0 258 1
1 108 1
2 406 1
3 224 1
4 91 2
5 608 2
6 390 2
7 3 2
8 91 3
9 608 3
10 2 3
11 390 3
12 237 4
13 264 5
14 2 5
15 262 6
16 254 6
17 609 6
18 91 8
19 260 9
20 274 9
21 406 9
22 586 10
23 19 11
24 7 11
25 429 13
26 91 14
27 2 14
28 3 14
29 91 17
30 2 17
31 91 20
32 264 20
33 610 23
34 91 23
35 608 23
36 2 23
37 390 23
38 3 23
39 429 24
40 3 24
41 351 29
42 241 30
43 610 30
44 91 30
45 608 30
46 224 30
47 30 31
48 2 32
49 3 32
50 208 32
51 91 33
52 2 33
53 23 34
54 263 38
55 91 38
56 264 38
57 260 38
58 5 38
59 2 38
60 3 38
61 288 40
62 10 41
63 91 43
64 587 43
65 2 43
66 56 43
67 3 43
68 33 43
69 4 43
70 106 45
71 400 45
72 351 45
73 41 47
74 7 47
75 3 47
76 23 49
77 19 51
78 293 51
79 611 51
80 53 51
81 607 51
82 1 52
83 108 52
84 607 52
85 224 52
86 1 53
87 108 53
88 607 53
89 224 53
90 31 54
91 91 54
92 30 54
93 59 55
94 19 55
95 610 55
96 23 55
97 11 55
98 91 56
99 2 56
100 23 56
101 33 56
102 20 57
103 263 57
104 91 57
105 31 58
106 30 58
107 54 58
108 19 59
109 11 59
110 183 60
111 19 61
112 237 61
113 11 61
114 108 62
115 32 63
116 610 63
117 91 63
118 30 63
119 3 64
120 31 65
121 30 65
122 31 66
123 91 66
124 15 66
125 30 66
126 19 67
127 158 67
128 429 68
129 613 70
130 32 70
131 608 70
132 2 70
133 30 70
134 390 70
135 23 70
136 3 70
137 59 71
138 55 71
139 429 71
140 224 71
141 224 73
142 99 74
143 102 74
144 2 74
145 70 74
146 23 74
147 3 74
148 20 75
149 340 75
150 264 76
151 240 79
152 32 81
153 208 81
154 19 82
155 66 82
156 91 82
157 69 82
158 587 82
159 102 82
160 70 82
161 611 82
162 3 82
163 33 82
164 68 82
165 54 82
166 66 83
167 91 83
168 587 83
169 2 83
170 30 83
171 3 83
172 33 83
173 100 83
174 101 83
175 91 84
176 64 84
177 2 84
178 33 84
179 224 84
180 102 85
181 21 85
182 3 85
183 110 86
184 429 88
185 19 89
186 55 89
187 59 89
188 71 89
189 11 89
190 66 90
191 91 90
192 100 90
193 30 90
194 33 90
195 158 92
196 158 93
197 47 95
198 7 95
199 39 95
200 275 96
201 17 99
202 15 99
203 7 99
204 23 99
205 41 99
206 224 99
207 66 100
208 91 100
209 43 100
210 65 100
211 2 100
212 30 100
213 33 100
214 20 101
215 57 101
216 275 101
217 108 101
218 2 101
219 3 101
220 53 101
221 340 101
222 91 102
223 43 102
224 2 102
225 390 102
226 23 102
227 3 102
228 33 102
229 51 103
230 19 104
231 55 104
232 58 104
233 31 104
234 51 104
235 23 104
236 54 104
237 224 104
238 240 106
239 258 108
240 224 108
241 86 110
242 406 110
243 263 111
244 91 111
245 260 111
246 8 111
247 2 111
248 38 111
249 56 111
250 3 111
251 33 111
252 260 116
253 55 118
254 66 118
255 10 118
256 135 118
257 610 118
258 91 118
259 15 118
260 2 118
261 30 118
262 3 118
263 406 118
264 55 119
265 89 119
266 104 119
267 51 119
268 56 119
269 98 122
270 39 122
271 23 122
272 122 123
273 101 123
274 98 123
275 124 123
276 23 123
277 98 124
278 2 125
279 224 125
280 66 125
281 89 127
282 610 127
283 56 127
284 158 127
285 11 127
286 55 130
287 10 130
288 99 130
289 251 130
290 47 130
291 56 130
292 74 130
293 406 130
294 99 131
295 47 131
296 7 131
297 101 131
298 91 132
299 102 132
300 2 132
301 3 132
302 54 132
303 170 133
304 241 134
305 10 135
306 610 135
307 2 135
308 3 135
309 55 136
310 586 136
311 245 137
312 273 137
313 586 137
314 262 138
315 293 139
316 224 139
317 86 140
318 110 140
319 113 143
320 36 144
321 608 144
322 3 146
323 411 148
324 122 150
325 10 150
326 99 150
327 47 150
328 15 150
329 7 150
330 63 150
331 23 150
332 111 150
333 41 150
334 262 153
335 19 154
336 58 154
337 1 154
338 118 154
339 71 154
340 57 154
341 56 154
342 3 154
343 120 154
344 208 154
345 158 154
346 127 154
347 11 154
348 91 156
349 2 156
350 19 157
351 55 157
352 59 157
353 293 158
354 610 158
355 22 159
356 19 162
357 245 162
358 112 162
359 127 162
360 274 163
361 238 166
362 608 166
363 284 167
364 261 169
365 122 172
366 23 172
367 1 173
368 73 173
369 224 173
370 406 173
371 20 174
372 123 174
373 125 175
374 170 176
375 118 178
376 82 178
377 108 178
378 85 178
379 3 178
380 104 180
381 143 180
382 30 180
383 53 180
384 66 181
385 122 181
386 57 181
387 101 181
388 30 181
389 90 181
390 55 184
391 19 184
392 97 184
393 102 184
394 3 184
395 4 184
396 171 185
397 122 185
398 99 185
399 150 185
400 161 185
401 2 185
402 3 185
403 137 185
404 429 186
405 22 186
406 66 188
407 100 188
408 146 188
409 66 189
410 100 189
411 91 189
412 30 189
413 125 189
414 3 189
415 164 189
416 50 190
417 122 190
418 32 190
419 36 190
420 121 190
421 181 190
422 23 190
423 131 191
424 245 196
425 598 196
426 3 197
427 2 197
428 23 197
429 64 197
430 340 197
431 601 197
432 610 198
433 91 198
434 608 198
435 23 198
436 436 200
437 94 200
438 56 200
439 39 200
440 273 201
441 66 201
442 125 201
443 118 201
444 102 201
445 55 201
446 54 201
447 331 205
448 150 209
449 102 209
450 130 209
451 63 209
452 131 209
453 293 213
454 610 213
455 43 213
456 94 213
457 4 213
458 137 213
459 113 213
460 237 215
461 66 217
462 122 217
463 91 217
464 102 217
465 3 217
466 238 218
467 405 220
468 378 220
469 392 220
470 393 220
471 369 220
472 174 222
473 123 222
474 66 226
475 135 226
476 174 226
477 57 226
478 101 226
479 3 226
480 406 226
481 55 227
482 245 227
483 66 227
484 31 227
485 228 227
486 127 227
487 227 228
488 245 228
489 75 228
490 143 228
491 4 228
492 84 229
493 201 229
494 91 229
495 100 229
496 188 229
497 83 230
498 91 230
499 100 230
500 102 230
501 43 230
502 2 230
503 56 230
504 3 230
505 33 230
506 111 230
507 156 230
508 154 230
509 280 231
510 116 231
511 122 233
512 174 233
513 102 233
514 85 233
515 55 235
516 91 235
517 119 235
518 155 236
519 91 236
520 30 236
521 229 236
522 54 236
523 215 237
524 118 242
525 16 242
526 191 242
527 122 243
528 190 243
529 3 243
530 341 244
531 345 244
532 245 245
533 293 245
534 66 246
535 174 246
536 160 248
537 602 249
538 429 249
539 435 250
540 245 250
541 597 250
542 228 250
543 25 251
544 224 260
545 91 263
546 263 264
547 91 264
548 260 264
549 222 266
550 174 266
551 98 266
552 4 287
553 599 287
554 337 287
555 114 297
556 161 299
557 310 299
558 259 310
559 89 314
560 53 314
561 50 314
562 122 314
563 208 314
564 81 314
565 196 314
566 55 314
567 611 314
568 91 315
569 83 315
570 573 315
571 2 315
572 198 315
573 100 315
574 43 315
575 386 315
576 33 315
577 369 315
578 598 316
579 613 316
580 31 316
581 237 316
582 418 317
583 475 318
584 257 318
585 85 318
586 315 318
587 293 319
588 183 319
589 60 319
590 46 319
591 255 319
592 310 319
593 170 319
594 56 319
595 119 319
596 455 319
597 117 320
598 13 320
599 3 321
600 337 321
601 478 321
602 219 322
603 239 327
604 412 327
605 598 337
606 4 337
607 263 340
608 91 340
609 264 340
610 595 342
611 96 347
612 55 355
613 245 355
614 302 355
615 478 355
616 122 355
617 474 355
618 174 355
619 136 355
620 471 355
621 586 355
622 429 355
623 255 355
624 477 355
625 598 355
626 102 355
627 423 355
628 60 355
629 108 355
630 101 355
631 271 355
632 56 355
633 94 355
634 3 355
635 170 355
636 120 355
637 310 355
638 455 355
639 438 355
640 259 357
641 133 357
642 3 357
643 467 357
644 472 357
645 443 357
646 172 357
647 435 357
648 238 359
649 44 359
650 315 359
651 474 359
652 163 359
653 453 359
654 472 359
655 153 359
656 138 359
657 161 359
658 7 359
659 63 359
660 464 359
661 438 359
662 245 360
663 66 360
664 600 360
665 91 360
666 102 360
667 43 360
668 54 360
669 486 360
670 83 361
671 315 361
672 91 361
673 43 361
674 2 361
675 475 361
676 198 361
677 136 363
678 139 363
679 341 365
680 345 365
681 89 365
682 347 365
683 323 365
684 612 365
685 595 365
686 313 365
687 97 365
688 419 365
689 22 365
690 346 365
691 605 365
692 589 366
693 28 366
694 391 366
695 261 366
696 425 366
697 79 366
698 300 366
699 106 366
700 343 366
701 301 366
702 240 366
703 400 366
704 399 366
705 169 366
706 351 366
707 576 366
708 29 366
709 304 366
710 339 367
711 290 367
712 48 367
713 270 367
714 386 378
715 91 384
716 598 384
717 240 391
718 315 393
719 475 393
720 85 393
721 132 397
722 478 397
723 451 397
724 598 397
725 101 397
726 3 397
727 351 399
728 79 400
729 106 400
730 240 400
731 351 400
732 365 401
733 482 401
734 213 401
735 494 401
736 362 401
737 595 401
738 419 401
739 605 401
740 214 401
741 438 401
742 565 401
743 367 402
744 494 402
745 313 402
746 143 402
747 53 402
748 469 402
749 30 402
750 232 402
751 116 403
752 280 403
753 305 403
754 108 403
755 224 403
756 161 404
757 332 404
758 55 407
759 51 407
760 332 407
761 158 407
762 11 407
763 224 415
764 245 418
765 293 418
766 595 418
767 605 418
768 55 419
769 89 419
770 435 419
771 19 419
772 593 419
773 586 419
774 273 419
775 71 419
776 595 419
777 313 419
778 594 419
779 4 419
780 224 419
781 406 419
782 596 420
783 258 421
784 311 421
785 224 421
786 310 421
787 108 422
788 447 422
789 1 423
790 604 423
791 592 423
792 415 425
793 576 425
794 55 426
795 59 426
796 435 426
797 197 426
798 83 426
799 302 426
800 66 426
801 122 426
802 451 426
803 17 426
804 436 426
805 273 426
806 196 426
807 104 426
808 91 426
809 51 426
810 439 426
811 313 426
812 7 426
813 102 426
814 441 426
815 101 426
816 125 426
817 56 426
818 23 426
819 4 426
820 332 426
821 41 426
822 224 426
823 406 426
824 127 426
825 11 426
826 438 426
827 66 427
828 31 427
829 32 427
830 102 427
831 2 427
832 30 427
833 56 427
834 119 427
835 31 428
836 104 428
837 143 428
838 180 428
839 30 428
840 224 428
841 590 428
842 197 430
843 122 430
844 118 430
845 610 430
846 85 430
847 426 430
848 3 431
849 55 431
850 435 431
851 317 431
852 10 431
853 595 431
854 435 432
855 66 432
856 82 432
857 104 432
858 91 432
859 313 432
860 63 432
861 23 432
862 31 434
863 91 434
864 65 434
865 30 434
866 19 435
867 55 435
868 59 435
869 89 435
870 256 435
871 258 435
872 273 435
873 71 435
874 47 435
875 598 435
876 390 435
877 3 435
878 23 435
879 332 435
880 41 435
881 224 435
882 11 435
883 19 436
884 302 436
885 66 436
886 91 436
887 69 436
888 587 436
889 102 436
890 43 436
891 65 436
892 3 436
893 198 436
894 611 436
895 33 436
896 68 436
897 54 436
898 35 437
899 36 437
900 145 438
901 23 438
902 284 438
903 7 438
904 272 438
905 23 438
906 41 438
907 406 438
908 17 439
909 71 439
910 91 439
911 333 439
912 56 439
913 198 439
914 33 439
915 29 439
916 54 439
917 302 440
918 1 440
919 196 440
920 573 440
921 27 440
922 598 441
923 398 441
924 23 442
925 340 442
926 598 442
927 601 442
928 64 442
929 3 442
930 278 442
931 278 443
932 23 443
933 406 443
934 49 443
935 278 444
936 388 444
937 204 446
938 285 446
939 588 446
940 422 447
941 62 447
942 72 447
943 293 448
944 11 448
945 575 449
946 274 449
947 584 449
948 573 449
949 293 450
950 610 450
951 23 450
952 224 450
953 55 451
954 91 451
955 3 451
956 573 451
957 574 451
958 273 452
959 302 452
960 3 452
961 342 452
962 604 452
963 387 452
964 96 452
965 429 452
966 259 452
967 283 452
968 420 453
969 63 453
970 438 453
971 594 454
972 597 454
973 60 455
974 183 455
975 3 455
976 450 455
977 438 456
978 595 456
979 448 457
980 424 457
981 137 457
982 197 458
983 37 459
984 66 460
985 84 460
986 91 460
987 100 460
988 102 460
989 43 460
990 85 460
991 38 460
992 198 460
993 573 460
994 33 460
995 55 461
996 293 461
997 611 461
998 24 462
999 84 462
1000 91 462
1001 100 462
1002 386 462
1003 64 462
1004 43 462
1005 573 462
1006 33 462
1007 156 462
1008 369 462
1009 613 463
1010 237 463
1011 31 463
1012 91 463
1013 598 463
1014 56 463
1015 198 463
1016 3 463
1017 161 464
1018 278 465
1019 450 465
1020 441 465
1021 438 465
1022 412 466
1023 212 466
1024 80 466
1025 327 466
1026 302 467
1027 85 467
1028 26 468
1029 1 468
1030 284 468
1031 108 468
1032 607 468
1033 592 468
1034 55 469
1035 89 469
1036 50 469
1037 245 469
1038 122 469
1039 196 469
1040 104 469
1041 598 469
1042 611 469
1043 56 469
1044 53 469
1045 451 470
1046 598 470
1047 126 470
1048 3 470
1049 53 470
1050 573 470
1051 224 470
1052 436 471
1053 429 471
1054 51 471
1055 587 471
1056 179 471
1057 43 471
1058 56 471
1059 53 471
1060 469 471
1061 303 472
1062 451 472
1063 438 472
1064 294 472
1065 135 472
1066 87 472
1067 5 472
1068 456 472
1069 172 472
1070 238 472
1071 44 472
1072 47 473
1073 152 473
1074 101 473
1075 63 473
1076 3 473
1077 578 473
1078 55 474
1079 417 474
1080 136 474
1081 293 474
1082 91 474
1083 255 474
1084 46 474
1085 43 474
1086 60 474
1087 183 474
1088 56 474
1089 198 474
1090 3 474
1091 33 474
1092 133 474
1093 170 474
1094 119 474
1095 224 474
1096 310 474
1097 458 475
1098 451 475
1099 257 475
1100 386 475
1101 43 475
1102 64 475
1103 102 475
1104 85 475
1105 384 475
1106 21 475
1107 573 475
1108 84 475
1109 33 475
1110 471 476
1111 273 476
1112 295 476
1113 110 476
1114 53 476
1115 224 476
1116 406 476
1117 468 476
1118 595 477
1119 334 477
1120 605 477
1121 352 477
1122 127 477
1123 471 478
1124 426 478
1125 92 478
1126 195 478
1127 108 478
1128 436 478
1129 157 478
1130 56 478
1131 102 478
1132 598 478
1133 3 478
1134 438 478
1135 98 478
1136 39 478
1137 124 478
1138 200 478
1139 19 479
1140 245 479
1141 407 479
1142 128 479
1143 52 479
1144 53 479
1145 469 479
1146 112 479
1147 127 479
1148 42 479
1149 55 480
1150 435 480
1151 407 480
1152 71 480
1153 104 480
1154 51 480
1155 141 480
1156 61 480
1157 332 480
1158 142 480
1159 11 480
1160 438 481
1161 418 481
1162 457 481
1163 609 481
1164 602 481
1165 254 481
1166 262 481
1167 6 481
1168 456 482
1169 597 482
1170 348 482
1171 135 482
1172 118 482
1173 202 482
1174 140 482
1175 15 482
1176 595 482
1177 161 482
1178 67 482
1179 406 482
1180 605 482
1181 438 482
1182 66 483
1183 84 483
1184 330 483
1185 91 483
1186 260 483
1187 5 483
1188 598 483
1189 271 483
1190 3 483
1191 573 483
1192 265 483
1193 369 483
1194 329 484
1195 34 484
1196 9 484
1197 328 484
1198 18 484
1199 411 484
1200 107 484
1201 115 484
1202 3 484
1203 469 484
1204 576 484
1205 325 485
1206 245 485
1207 261 485
1208 311 485
1209 91 486
1210 56 486
1211 43 486
1212 94 486
1213 84 487
1214 91 487
1215 100 487
1216 460 487
1217 460 487
1218 102 487
1219 43 487
1220 198 487
1221 573 487
1222 33 487
1223 16 488
1224 88 488
1225 191 488
1226 409 488
1227 335 488
1228 292 489
1229 239 489
1230 66 489
1231 122 489
1232 32 489
1233 155 489
1234 121 489
1235 181 489
1236 81 489
1237 3 489
1238 270 489
1239 203 489
1240 610 490
1241 108 490
1242 55 490
1243 82 490
1244 91 490
1245 56 490
1246 102 490
1247 598 490
1248 302 490
1249 469 490
1250 89 490
1251 53 490
1252 1 490
1253 66 491
1254 217 491
1255 172 491
1256 91 491
1257 100 491
1258 487 491
1259 361 491
1260 43 491
1261 125 491
1262 74 491
1263 573 491
1264 33 491
1265 332 491
1266 156 491
1267 154 491
1268 575 492
1269 84 492
1270 474 492
1271 82 492
1272 427 492
1273 60 492
1274 577 492
1275 451 493
1276 71 493
1277 397 493
1278 598 493
1279 102 493
1280 64 493
1281 318 493
1282 3 493
1283 23 493
1284 270 493
1285 426 493
1286 245 494
1287 213 494
1288 91 494
1289 595 494
1290 397 494
1291 598 494
1292 43 494
1293 418 494
1294 3 494
1295 111 494
1296 4 494
1297 605 494
1298 461 494
1299 137 494
1300 113 494
1301 585 495
1302 429 495
1303 91 495
1304 598 495
1305 3 495
1306 4 495
1307 291 496
1308 284 496
1309 224 496
1310 336 496
1311 197 497
1312 195 497
1313 105 497
1314 199 497
1315 451 497
1316 355 497
1317 319 497
1318 174 497
1319 196 497
1320 123 497
1321 3 497
1322 39 497
1323 438 497
1324 581 498
1325 324 498
1326 289 498
1327 582 498
1328 282 498
1329 148 498
1330 426 498
1331 326 498
1332 55 499
1333 288 499
1334 280 499
1335 336 499
1336 199 499
1337 23 499
1338 406 499
1339 149 500
1340 477 500
1341 78 500
1342 129 500
1343 296 500
1344 481 501
1345 367 501
1346 362 501
1347 185 501
1348 431 501
1349 438 501
1350 368 501
1351 196 502
1352 318 502
1353 64 502
1354 184 502
1355 365 503
1356 362 503
1357 464 503
1358 396 503
1359 406 503
1360 224 503
1361 108 504
1362 284 504
1363 30 504
1364 590 504
1365 51 504
1366 184 504
1367 315 504
1368 178 504
1369 317 504
1370 436 504
1371 429 504
1372 406 504
1373 275 504
1374 162 505
1375 19 505
1376 480 505
1377 215 505
1378 61 505
1379 350 505
1380 141 505
1381 269 505
1382 407 505
1383 114 505
1384 122 506
1385 459 506
1386 50 506
1387 276 506
1388 208 506
1389 314 506
1390 147 506
1391 123 506
1392 221 507
1393 176 507
1394 482 508
1395 95 508
1396 47 508
1397 362 508
1398 45 508
1399 146 508
1400 175 508
1401 130 508
1402 125 508
1403 219 508
1404 438 508
1405 10 510
1406 209 510
1407 292 511
1408 360 511
1409 280 511
1410 598 511
1411 333 511
1412 23 511
1413 244 511
1414 244 511
1415 599 511
1416 495 511
1417 337 511
1418 305 512
1419 91 512
1420 20 512
1421 385 512
1422 580 512
1423 280 512
1424 219 512
1425 392 512
1426 111 512
1427 494 512
1428 493 512
1429 591 512
1430 596 512
1431 421 513
1432 360 513
1433 220 513
1434 109 513
1435 196 513
1436 405 513
1437 241 513
1438 378 513
1439 392 513
1440 318 513
1441 583 514
1442 195 514
1443 31 514
1444 258 514
1445 273 514
1446 297 514
1447 143 514
1448 108 514
1449 56 514
1450 109 514
1451 53 514
1452 469 514
1453 309 514
1454 119 514
1455 572 514
1456 224 514
1457 435 515
1458 583 515
1459 31 515
1460 199 515
1461 143 515
1462 228 515
1463 428 515
1464 180 515
1465 30 515
1466 54 515
1467 164 515
1468 132 516
1469 472 516
1470 95 516
1471 168 516
1472 595 516
1473 397 516
1474 598 516
1475 161 516
1476 102 516
1477 573 516
1478 119 516
1479 438 516
1480 172 517
1481 478 517
1482 199 517
1483 479 517
1484 167 517
1485 91 517
1486 247 517
1487 433 517
1488 284 517
1489 3 517
1490 312 517
1491 270 517
1492 592 517
1493 224 518
1494 406 518
1495 195 518
1496 478 518
1497 108 518
1498 102 518
1499 478 519
1500 199 519
1501 474 519
1502 355 519
1503 426 519
1504 199 520
1505 77 520
1506 263 520
1507 104 520
1508 91 520
1509 264 520
1510 8 520
1511 161 520
1512 601 520
1513 108 520
1514 76 520
1515 38 520
1516 224 520
1517 340 520
1518 438 520
1519 481 521
1520 367 521
1521 171 521
1522 213 521
1523 362 521
1524 595 521
1525 185 521
1526 438 521
1527 501 521
1528 83 522
1529 230 522
1530 491 522
1531 217 522
1532 199 522
1533 91 522
1534 100 522
1535 487 522
1536 102 522
1537 43 522
1538 56 522
1539 74 522
1540 3 522
1541 198 522
1542 573 522
1543 33 522
1544 332 522
1545 156 522
1546 154 522
1547 144 523
1548 166 523
1549 608 523
1550 3 523
1551 415 524
1552 432 524
1553 172 524
1554 360 524
1555 404 524
1556 51 524
1557 99 524
1558 301 524
1559 279 524
1560 158 524
1561 417 525
1562 99 525
1563 130 525
1564 177 525
1565 603 525
1566 50 526
1567 234 526
1568 122 526
1569 416 527
1570 224 527
1571 358 528
1572 377 529
1573 575 529
1574 280 529
1575 372 529
1576 378 529
1577 394 529
1578 374 529
1579 392 529
1580 376 529
1581 231 529
1582 379 529
1583 389 529
1584 205 529
1585 373 529
1586 353 529
1587 380 529
1588 32 530
1589 280 530
1590 305 530
1591 331 530
1592 475 530
1593 371 530
1594 3 530
1595 513 531
1596 405 531
1597 374 531
1598 211 531
1599 280 532
1600 451 532
1601 392 532
1602 85 532
1603 3 532
1604 197 533
1605 233 533
1606 47 533
1607 305 533
1608 598 533
1609 40 533
1610 321 533
1611 85 533
1612 475 533
1613 3 533
1614 270 533
1615 218 534
1616 451 534
1617 370 534
1618 13 534
1619 305 534
1620 320 534
1621 117 534
1622 3 534
1623 4 534
1624 280 534
1625 495 534
1626 316 535
1627 598 535
1628 4 535
1629 599 535
1630 337 535
1631 354 536
1632 243 536
1633 150 536
1634 190 536
1635 3 536
1636 580 537
1637 360 537
1638 599 537
1639 258 537
1640 435 538
1641 235 538
1642 56 538
1643 119 538
1644 244 538
1645 430 538
1646 513 539
1647 222 539
1648 356 539
1649 512 539
1650 364 539
1651 475 539
1652 467 539
1653 509 539
1654 281 539
1655 246 539
1656 325 541
1657 338 541
1658 90 542
1659 84 542
1660 91 542
1661 100 542
1662 598 542
1663 188 542
1664 361 542
1665 460 542
1666 487 542
1667 102 542
1668 475 542
1669 54 542
1670 483 542
1671 599 542
1672 597 543
1673 258 543
1674 268 543
1675 508 543
1676 439 543
1677 313 543
1678 70 543
1679 224 543
1680 206 544
1681 438 544
1682 0 544
1683 214 544
1684 116 544
1685 55 545
1686 197 545
1687 482 545
1688 510 545
1689 224 545
1690 438 545
1691 31 546
1692 414 546
1693 91 546
1694 249 546
1695 516 546
1696 102 546
1697 43 546
1698 434 546
1699 103 546
1700 393 546
1701 413 546
1702 573 546
1703 33 546
1704 54 546
1705 609 546
1706 99 547
1707 47 547
1708 362 547
1709 108 547
1710 185 547
1711 172 547
1712 41 547
1713 131 547
1714 192 547
1715 19 548
1716 593 548
1717 302 548
1718 597 548
1719 196 548
1720 502 548
1721 595 548
1722 313 548
1723 419 548
1724 102 548
1725 3 548
1726 573 548
1727 4 548
1728 91 549
1729 361 549
1730 546 549
1731 573 549
1732 33 549
1733 54 549
1734 245 550
1735 135 550
1736 210 550
1737 196 550
1738 393 550
1739 4 550
1740 55 551
1741 134 551
1742 287 551
1743 58 551
1744 288 551
1745 199 551
1746 293 551
1747 201 551
1748 86 551
1749 439 551
1750 598 551
1751 102 551
1752 545 551
1753 3 551
1754 229 551
1755 142 551
1756 224 551
1757 159 551
1758 530 551
1759 439 552
1760 603 552
1761 187 553
1762 149 553
1763 194 553
1764 286 553
1765 542 553
1766 216 553
1767 225 553
1768 151 554
1769 165 554
1770 268 554
1771 284 554
1772 73 554
1773 207 554
1774 108 554
1775 129 554
1776 52 554
1777 468 554
1778 173 554
1779 308 555
1780 236 555
1781 306 555
1782 297 555
1783 181 555
1784 514 555
1785 402 555
1786 232 555
1787 224 555
1788 435 556
1789 583 556
1790 227 556
1791 245 556
1792 479 556
1793 255 556
1794 75 556
1795 108 556
1796 143 556
1797 299 556
1798 310 556
1799 135 557
1800 298 557
1801 344 557
1802 182 557
1803 242 557
1804 280 558
1805 277 558
1806 231 558
1807 395 558
1808 305 558
1809 12 558
1810 381 558
1811 410 558
1812 382 558
1813 403 559
1814 375 559
1815 252 559
1816 163 559
1817 383 559
1818 307 559
1819 305 559
1820 253 559
1821 530 559
1822 245 560
1823 474 560
1824 174 560
1825 57 560
1826 226 560
1827 56 560
1828 469 560
1829 172 560
1830 119 560
1831 514 560
1832 245 561
1833 91 561
1834 250 561
1835 595 561
1836 418 561
1837 605 561
1838 280 562
1839 266 562
1840 174 562
1841 223 562
1842 267 562
1843 85 562
1844 245 563
1845 4 563
1846 337 563
1847 543 563
1848 598 564
1849 397 564
1850 3 564
1851 23 564
1852 189 564
1853 174 564
1854 537 565
1855 280 565
1856 585 565
1857 360 565
1858 533 565
1859 213 565
1860 494 565
1861 91 565
1862 598 565
1863 534 565
1864 451 565
1865 102 565
1866 475 565
1867 393 565
1868 85 565
1869 94 565
1870 3 565
1871 4 565
1872 535 565
1873 244 565
1874 511 565
1875 532 565
1876 495 565
1877 401 565
1878 537 566
1879 258 566
1880 322 566
1881 598 566
1882 535 566
1883 495 566
1884 55 567
1885 10 567
1886 25 567
1887 251 567
1888 108 567
1889 130 567
1890 579 567
1891 406 567
1892 219 567
1893 199 568
1894 287 568
1895 580 568
1896 3 568
1897 102 568
1898 132 568
1899 181 568
1900 38 568
1901 332 568
1902 236 568
1903 408 568
1904 188 568
1905 190 569
1906 536 569
1907 258 570
1908 248 570
1909 160 570
1910 494 570
1911 224 570
1912 193 570
1913 184 571
1914 606 571
1915 186 571
1916 349 571
1917 91 573
1918 587 573
1919 2 573
1920 3 573
1921 34 589
1922 23 589
1923 304 589
1924 31 590
1925 100 590
1926 108 590
1927 30 590
1928 224 590
1929 164 590
1930 255 591
1931 310 591
1932 108 592
1933 607 592
1934 224 595
1935 591 596
1936 245 597
1937 293 597
1938 91 597
1939 608 597
1940 611 597
1941 263 598
1942 91 598
1943 3 598
1944 4 598
1945 224 598
1946 597 599
1947 91 599
1948 598 599
1949 3 599
1950 4 599
1951 224 599
1952 11 599
1953 7 601
1954 609 602
1955 255 604
1956 108 604
1957 593 605
1958 595 605
1959 186 606
1960 487 606
1961 318 606
1962 349 606
1963 108 607
1964 390 608
1965 262 609
1966 245 611
1967 293 611
1968 847 0
1969 615 1
1970 616 2
1971 616 3
1972 614 4
1973 617 5
1974 618 6
1975 619 7
1976 620 8
1977 621 9
1978 622 10
1979 622 11
1980 623 12
1981 624 13
1982 626 14
1983 626 15
1984 626 16
1985 626 17
1986 627 18
1987 626 19
1988 628 20
1989 629 21
1990 685 23
1991 630 24
1992 631 25
1993 632 26
1994 633 27
1995 634 28
1996 634 29
1997 635 30
1998 635 31
1999 636 32
2000 636 33
2001 636 34
2002 636 35
2003 636 36
2004 637 37
2005 637 38
2006 638 39
2007 638 40
2008 639 41
2009 640 42
2010 641 43
2011 642 44
2012 644 45
2013 645 46
2014 646 47
2015 647 48
2016 648 49
2017 649 50
2018 649 51
2019 649 52
2020 649 53
2021 649 54
2022 649 55
2023 649 56
2024 649 57
2025 649 58
2026 649 59
2027 650 60
2028 651 61
2029 651 62
2030 652 63
2031 652 64
2032 652 65
2033 652 66
2034 652 67
2035 652 68
2036 652 69
2037 652 70
2038 652 71
2039 653 72
2040 654 73
2041 655 74
2042 656 75
2043 656 76
2044 657 77
2045 658 78
2046 660 79
2047 659 80
2048 661 81
2049 661 82
2050 661 83
2051 661 84
2052 662 85
2053 663 86
2054 664 87
2055 664 88
2056 665 89
2057 665 90
2058 668 91
2059 665 92
2060 665 93
2061 665 94
2062 665 95
2063 666 96
2064 666 97
2065 667 98
2066 667 99
2067 667 100
2068 667 101
2069 667 102
2070 667 103
2071 667 104
2072 669 105
2073 625 106
2074 670 107
2075 671 108
2076 672 109
2077 673 110
2078 673 111
2079 674 112
2080 674 113
2081 674 114
2082 675 115
2083 676 116
2084 907 117
2085 677 118
2086 677 119
2087 678 121
2088 678 122
2089 678 123
2090 678 124
2091 678 125
2092 678 126
2093 678 127
2094 679 129
2095 680 130
2096 680 131
2097 681 132
2098 681 133
2099 681 134
2100 681 135
2101 681 136
2102 681 137
2103 681 138
2104 681 139
2105 681 140
2106 682 141
2107 682 142
2108 683 143
2109 684 144
2110 686 145
2111 686 146
2112 686 147
2113 687 148
2114 688 149
2115 689 150
2116 689 151
2117 690 152
2118 691 153
2119 690 154
2120 690 155
2121 693 156
2122 692 157
2123 692 158
2124 694 159
2125 695 160
2126 906 161
2127 696 162
2128 697 163
2129 698 164
2130 699 165
2131 700 166
2132 700 167
2133 700 168
2134 700 169
2135 702 171
2136 703 172
2137 704 173
2138 704 174
2139 704 175
2140 705 176
2141 705 177
2142 705 178
2143 706 179
2144 707 180
2145 708 181
2146 709 182
2147 710 183
2148 711 184
2149 711 185
2150 711 186
2151 711 187
2152 712 188
2153 712 189
2154 712 190
2155 713 191
2156 713 192
2157 714 193
2158 716 194
2159 717 195
2160 717 196
2161 717 197
2162 717 198
2163 717 199
2164 717 200
2165 718 201
2166 719 202
2167 719 203
2168 719 204
2169 720 205
2170 721 206
2171 722 207
2172 715 208
2173 723 209
2174 724 210
2175 725 211
2176 726 212
2177 727 213
2178 728 214
2179 729 215
2180 731 216
2181 730 217
2182 732 218
2183 909 219
2184 733 220
2185 734 221
2186 735 222
2187 736 223
2188 737 225
2189 738 226
2190 738 227
2191 738 228
2192 738 229
2193 738 230
2194 738 231
2195 739 232
2196 740 233
2197 741 234
2198 742 235
2199 743 236
2200 744 237
2201 745 238
2202 643 239
2203 746 240
2204 747 241
2205 749 242
2206 749 243
2207 748 244
2208 750 245
2209 751 246
2210 752 247
2211 753 248
2212 753 249
2213 753 250
2214 655 251
2215 754 252
2216 755 253
2217 767 254
2218 767 255
2219 767 256
2220 905 257
2221 756 259
2222 757 260
2223 908 261
2224 758 262
2225 759 263
2226 760 264
2227 761 265
2228 762 266
2229 762 267
2230 763 269
2231 764 270
2232 765 271
2233 766 272
2234 768 276
2235 769 277
2236 770 279
2237 771 280
2238 773 281
2239 774 282
2240 775 283
2241 776 284
2242 701 286
2243 777 287
2244 778 288
2245 779 291
2246 780 294
2247 782 295
2248 784 296
2249 785 297
2250 786 298
2251 787 299
2252 788 300
2253 789 301
2254 790 302
2255 790 303
2256 791 304
2257 792 305
2258 793 306
2259 794 307
2260 794 308
2261 795 309
2262 796 310
2263 797 311
2264 798 312
2265 799 313
2266 800 314
2267 800 315
2268 800 316
2269 800 317
2270 801 318
2271 801 319
2272 802 320
2273 803 321
2274 804 322
2275 805 323
2276 806 324
2277 807 325
2278 808 326
2279 809 327
2280 810 328
2281 810 329
2282 811 330
2283 812 331
2284 813 332
2285 814 333
2286 815 334
2287 816 335
2288 817 336
2289 818 337
2290 819 338
2291 820 339
2292 846 340
2293 821 341
2294 822 342
2295 823 343
2296 826 344
2297 824 345
2298 825 346
2299 825 347
2300 827 348
2301 828 349
2302 829 350
2303 848 351
2304 830 352
2305 831 353
2306 832 354
2307 833 355
2308 833 356
2309 833 357
2310 833 358
2311 833 359
2312 833 360
2313 833 361
2314 833 362
2315 833 363
2316 833 364
2317 833 365
2318 833 366
2319 833 367
2320 834 368
2321 837 369
2322 837 370
2323 837 371
2324 838 372
2325 838 373
2326 838 374
2327 839 375
2328 839 376
2329 839 377
2330 840 378
2331 840 379
2332 841 380
2333 842 381
2334 842 382
2335 843 383
2336 836 384
2337 836 385
2338 836 386
2339 836 387
2340 845 388
2341 849 389
2342 851 390
2343 850 391
2344 838 392
2345 840 393
2346 841 394
2347 844 395
2348 833 396
2349 833 397
2350 835 398
2351 852 399
2352 853 400
2353 854 401
2354 855 402
2355 856 403
2356 857 404
2357 858 405
2358 859 407
2359 860 408
2360 861 409
2361 861 410
2362 864 411
2363 863 412
2364 865 413
2365 862 414
2366 862 415
2367 866 416
2368 867 417
2369 867 418
2370 867 419
2371 867 420
2372 867 421
2373 867 422
2374 867 423
2375 867 424
2376 868 425
2377 868 426
2378 869 427
2379 869 428
2380 772 430
2381 783 431
2382 783 432
2383 783 433
2384 783 434
2385 870 435
2386 870 436
2387 870 437
2388 870 438
2389 870 439
2390 870 440
2391 870 441
2392 870 442
2393 870 443
2394 870 444
2395 870 445
2396 870 446
2397 870 447
2398 870 448
2399 870 449
2400 870 450
2401 870 451
2402 870 452
2403 871 453
2404 871 454
2405 871 455
2406 871 456
2407 871 457
2408 871 458
2409 871 459
2410 871 460
2411 871 461
2412 871 462
2413 871 463
2414 871 464
2415 871 465
2416 871 466
2417 871 467
2418 871 468
2419 871 469
2420 871 470
2421 871 471
2422 872 472
2423 872 473
2424 872 474
2425 872 475
2426 872 476
2427 872 477
2428 872 478
2429 872 479
2430 872 480
2431 872 481
2432 872 482
2433 872 483
2434 872 484
2435 872 485
2436 872 486
2437 872 487
2438 873 488
2439 873 489
2440 873 490
2441 873 491
2442 873 492
2443 873 493
2444 873 494
2445 873 495
2446 873 496
2447 873 497
2448 873 498
2449 873 499
2450 873 500
2451 873 501
2452 873 502
2453 873 503
2454 873 504
2455 873 505
2456 873 506
2457 874 507
2458 874 508
2459 874 509
2460 874 510
2461 874 511
2462 874 512
2463 874 513
2464 874 514
2465 874 515
2466 874 516
2467 874 517
2468 874 518
2469 874 519
2470 874 520
2471 874 521
2472 874 522
2473 874 523
2474 874 524
2475 874 525
2476 874 526
2477 781 527
2478 781 528
2479 781 529
2480 781 530
2481 781 531
2482 781 532
2483 781 533
2484 781 534
2485 781 535
2486 781 536
2487 781 537
2488 781 538
2489 781 539
2490 781 540
2491 781 541
2492 781 542
2493 781 543
2494 781 544
2495 781 545
2496 781 546
2497 781 547
2498 781 548
2499 875 549
2500 875 550
2501 875 551
2502 875 552
2503 875 553
2504 875 554
2505 875 555
2506 875 556
2507 875 557
2508 875 558
2509 875 559
2510 875 560
2511 875 561
2512 875 562
2513 875 563
2514 875 564
2515 875 565
2516 875 566
2517 875 567
2518 875 568
2519 875 569
2520 875 570
2521 875 571
2522 876 572
2523 654 573
2524 877 574
2525 878 575
2526 879 576
2527 880 577
2528 881 578
2529 882 579
2530 883 580
2531 884 581
2532 884 582
2533 885 583
2534 886 584
2535 887 585
2536 888 586
2537 889 587
2538 890 588
2539 891 589
2540 892 590
2541 893 591
2542 893 592
2543 893 593
2544 893 594
2545 893 595
2546 894 596
2547 894 597
2548 894 598
2549 895 599
2550 895 600
2551 895 601
2552 896 602
2553 896 603
2554 897 604
2555 897 605
2556 898 606
2557 899 607
2558 900 608
2559 900 609
2560 901 610
2561 902 611
2562 903 612
2563 904 613
2564 1404 0
2565 1374 1
2566 1008 2
2567 1942 2
2568 1385 2
2569 1942 3
2570 1008 3
2571 1385 3
2572 1435 4
2573 1430 5
2574 1356 5
2575 981 6
2576 1058 6
2577 1321 7
2578 1151 8
2579 1920 8
2580 1670 8
2581 940 9
2582 1129 10
2583 1261 10
2584 1662 11
2585 1435 11
2586 1171 12
2587 1494 12
2588 1866 13
2589 1285 13
2590 1012 13
2591 1145 14
2592 1149 14
2593 1458 15
2594 1003 15
2595 1816 15
2596 1418 15
2597 1362 16
2598 1218 16
2599 1310 17
2600 1357 18
2601 1383 18
2602 1655 19
2603 1662 19
2604 1435 19
2605 1330 20
2606 1897 20
2607 1435 20
2608 1164 21
2609 1625 21
2610 1461 22
2611 1354 22
2612 1463 22
2613 1510 22
2614 1942 23
2615 1385 23
2616 1008 23
2617 1079 24
2618 1066 24
2619 1680 24
2620 1892 25
2621 1318 25
2622 1915 25
2623 1085 25
2624 1431 25
2625 1479 26
2626 1891 26
2627 1216 26
2628 1199 27
2629 1865 27
2630 1408 28
2631 1270 28
2632 1031 29
2633 1898 29
2634 1068 30
2635 1829 30
2636 1909 31
2637 1183 31
2638 1069 31
2639 1455 31
2640 1426 31
2641 1423 32
2642 1849 32
2643 1145 33
2644 1358 33
2645 1244 33
2646 1383 33
2647 1149 34
2648 1153 34
2649 1382 35
2650 1491 35
2651 1157 35
2652 1900 35
2653 1338 36
2654 1030 36
2655 1094 37
2656 1486 37
2657 1233 37
2658 1929 37
2659 1905 38
2660 1807 39
2661 1166 39
2662 1274 39
2663 1385 39
2664 1949 40
2665 1455 40
2666 1215 41
2667 1465 42
2668 1435 42
2669 1474 43
2670 1125 43
2671 1047 44
2672 1944 45
2673 1630 46
2674 1222 46
2675 1136 46
2676 952 46
2677 1181 47
2678 1674 47
2679 1016 47
2680 982 48
2681 1341 48
2682 987 49
2683 1208 49
2684 1043 50
2685 965 51
2686 1384 51
2687 1505 52
2688 965 52
2689 1179 52
2690 1384 53
2691 1023 53
2692 1010 53
2693 965 53
2694 1183 54
2695 1067 54
2696 1909 54
2697 1655 55
2698 1435 55
2699 1300 56
2700 1385 56
2701 1940 57
2702 989 57
2703 1909 58
2704 1183 58
2705 1067 58
2706 1455 58
2707 1407 58
2708 1655 59
2709 1435 59
2710 1152 60
2711 1442 61
2712 1435 61
2713 1413 62
2714 1089 62
2715 1889 63
2716 1024 64
2717 1300 64
2718 927 65
2719 1437 66
2720 1003 66
2721 1245 67
2722 1155 68
2723 1326 68
2724 1022 68
2725 1072 69
2726 1422 69
2727 1008 70
2728 1942 70
2729 1316 70
2730 1375 71
2731 1117 72
2732 1453 72
2733 1945 73
2734 1080 73
2735 1236 73
2736 929 73
2737 1300 74
2738 979 74
2739 1169 74
2740 1008 74
2741 1385 74
2742 1100 74
2743 1268 74
2744 1942 74
2745 1424 75
2746 1894 75
2747 1248 75
2748 1594 76
2749 1924 76
2750 1034 77
2751 1009 77
2752 1387 77
2753 1879 78
2754 1718 78
2755 1579 78
2756 1014 78
2757 1052 79
2758 1109 79
2759 1046 80
2760 1312 80
2761 1025 81
2762 1302 81
2763 1687 82
2764 1384 82
2765 1010 82
2766 1023 82
2767 1122 83
2768 964 83
2769 1018 83
2770 1922 83
2771 1128 84
2772 1826 84
2773 1918 84
2774 1400 85
2775 1260 85
2776 1659 86
2777 1066 86
2778 972 86
2779 1211 87
2780 1142 87
2781 1819 87
2782 1619 88
2783 917 88
2784 1843 88
2785 1655 89
2786 1913 89
2787 1437 90
2788 1003 90
2789 1940 91
2790 1112 92
2791 1112 93
2792 1493 93
2793 934 93
2794 932 93
2795 1300 94
2796 1385 94
2797 1181 95
2798 1663 96
2799 1086 96
2800 1623 97
2801 920 97
2802 1274 98
2803 1385 98
2804 1169 99
2805 1940 100
2806 1437 100
2807 1367 101
2808 973 101
2809 1356 101
2810 1024 102
2811 1300 102
2812 1274 102
2813 941 103
2814 1388 103
2815 1067 104
2816 1183 104
2817 1438 105
2818 990 106
2819 1951 106
2820 1090 106
2821 1523 106
2822 1383 107
2823 1008 108
2824 1450 109
2825 1115 109
2826 1380 109
2827 1659 110
2828 1066 110
2829 972 110
2830 1882 111
2831 1490 111
2832 1353 111
2833 1122 111
2834 1018 111
2835 1364 111
2836 1165 111
2837 1275 112
2838 1875 112
2839 1124 112
2840 1417 113
2841 1297 113
2842 1217 113
2843 1439 114
2844 1097 114
2845 993 114
2846 1383 115
2847 1334 116
2848 1830 116
2849 1285 117
2850 1250 117
2851 1129 118
2852 1319 118
2853 1654 118
2854 1200 119
2855 1643 119
2856 1409 119
2857 930 120
2858 1676 121
2859 1385 122
2860 1942 122
2861 1466 122
2862 1274 123
2863 976 123
2864 1300 123
2865 1274 124
2866 1258 124
2867 1169 124
2868 1652 124
2869 1601 125
2870 1509 125
2871 1201 125
2872 1360 125
2873 1435 125
2874 1505 126
2875 1836 126
2876 1112 127
2877 1493 127
2878 934 127
2879 932 127
2880 1921 128
2881 1420 129
2882 1529 130
2883 1318 130
2884 1867 130
2885 1108 130
2886 1892 130
2887 1246 131
2888 1238 131
2889 1119 132
2890 1156 132
2891 1118 132
2892 1454 133
2893 1073 133
2894 1459 133
2895 1803 134
2896 1129 135
2897 1890 136
2898 1028 136
2899 1901 136
2900 1015 136
2901 1914 136
2902 1280 136
2903 1255 137
2904 1288 137
2905 1440 138
2906 926 138
2907 1378 138
2908 1390 139
2909 992 139
2910 1324 139
2911 1686 139
2912 1659 140
2913 1476 141
2914 1896 142
2915 1309 142
2916 1435 142
2917 1217 143
2918 1297 143
2919 1051 143
2920 1930 143
2921 1698 143
2922 1346 143
2923 956 143
2924 1061 143
2925 1019 144
2926 1637 144
2927 1355 145
2928 1238 145
2929 1328 146
2930 1149 147
2931 1325 147
2932 1367 148
2933 1031 148
2934 1436 149
2935 1952 149
2936 1254 149
2937 1301 149
2938 1169 150
2939 1616 150
2940 1472 151
2941 1664 151
2942 1675 151
2943 1036 151
2944 1234 151
2945 927 152
2946 1440 153
2947 1112 154
2948 1059 155
2949 985 155
2950 1842 155
2951 1437 155
2952 1003 155
2953 1493 156
2954 1655 157
2955 1435 157
2956 1112 158
2957 1493 158
2958 1863 158
2959 1304 158
2960 1419 159
2961 1428 160
2962 1560 160
2963 1404 161
2964 1161 162
2965 1023 162
2966 1384 162
2967 1039 163
2968 1060 164
2969 960 164
2970 1202 164
2971 1593 164
2972 1032 164
2973 997 164
2974 1276 164
2975 1668 164
2976 1687 165
2977 1384 165
2978 1373 165
2979 1133 166
2980 1911 166
2981 943 167
2982 1488 167
2983 1485 167
2984 1095 167
2985 1259 168
2986 1943 168
2987 1074 168
2988 946 168
2989 1916 168
2990 1159 169
2991 1292 169
2992 1454 170
2993 1073 170
2994 1459 170
2995 1303 171
2996 1345 171
2997 1397 171
2998 1230 172
2999 1375 172
3000 1385 172
3001 1206 173
3002 1382 173
3003 1890 174
3004 976 174
3005 1008 174
3006 1274 174
3007 1307 174
3008 1385 174
3009 1451 175
3010 1204 175
3011 1421 176
3012 1229 176
3013 936 177
3014 1622 177
3015 974 177
3016 1828 177
3017 1587 178
3018 1443 178
3019 1320 179
3020 1639 180
3021 1060 180
3022 997 180
3023 1189 180
3024 1445 180
3025 1163 180
3026 1223 180
3027 1202 180
3028 1335 181
3029 1102 181
3030 1042 181
3031 1437 181
3032 1003 181
3033 1281 182
3034 1298 182
3035 1093 183
3036 1623 184
3037 1207 184
3038 1232 185
3039 1255 185
3040 1175 185
3041 921 185
3042 1877 186
3043 1660 186
3044 1825 187
3045 1256 187
3046 1391 188
3047 1940 188
3048 1940 189
3049 1470 189
3050 1942 190
3051 1176 190
3052 1081 190
3053 1806 190
3054 1847 190
3055 1143 190
3056 1011 191
3057 1041 191
3058 1831 191
3059 1050 192
3060 1926 193
3061 1110 193
3062 1432 193
3063 1249 194
3064 942 194
3065 1105 194
3066 911 194
3067 1487 194
3068 949 195
3069 1375 196
3070 1950 196
3071 1065 197
3072 1942 198
3073 1008 198
3074 1385 199
3075 1008 199
3076 1435 199
3077 1274 200
3078 1300 200
3079 986 201
3080 1601 201
3081 1107 202
3082 1243 202
3083 1642 202
3084 1617 202
3085 1031 203
3086 963 203
3087 1673 203
3088 1186 204
3089 914 205
3090 939 205
3091 1939 206
3092 1526 206
3093 1834 206
3094 1621 206
3095 1524 206
3096 1449 207
3097 1348 207
3098 1302 208
3099 1154 209
3100 1017 209
3101 1363 209
3102 1007 209
3103 1197 209
3104 1322 210
3105 1468 210
3106 1395 210
3107 1135 210
3108 961 210
3109 1098 210
3110 1203 211
3111 1278 211
3112 1663 211
3113 1193 212
3114 1482 213
3115 1180 213
3116 1902 213
3117 978 214
3118 1869 215
3119 1581 215
3120 1839 216
3121 1368 217
3122 1101 217
3123 1761 217
3124 944 217
3125 1332 217
3126 1049 217
3127 1091 217
3128 1047 218
3129 1680 219
3130 966 220
3131 1899 220
3132 1906 220
3133 1377 220
3134 957 221
3135 1317 221
3136 1804 221
3137 1340 221
3138 1941 221
3139 1305 221
3140 1392 221
3141 1113 221
3142 1890 222
3143 1274 222
3144 976 222
3145 1381 223
3146 1555 223
3147 1895 224
3148 1105 225
3149 942 225
3150 1249 225
3151 1801 225
3152 1487 225
3153 1170 226
3154 998 226
3155 1637 226
3156 1205 227
3157 1060 227
3158 1055 227
3159 1638 228
3160 1435 228
3161 1386 229
3162 1910 229
3163 912 229
3164 1907 229
3165 1368 230
3166 1830 231
3167 1477 231
3168 1874 232
3169 1174 232
3170 1379 233
3171 937 233
3172 1822 233
3173 1498 233
3174 1212 233
3175 1213 233
3176 1933 233
3177 1636 233
3178 1219 234
3179 1188 234
3180 1063 234
3181 1272 234
3182 1284 234
3183 1802 234
3184 1269 234
3185 1917 235
3186 948 235
3187 1437 236
3188 1035 236
3189 1099 236
3190 1033 237
3191 996 237
3192 969 238
3193 1306 239
3194 928 239
3195 1109 240
3196 970 241
3197 1078 242
3198 1467 242
3199 1844 242
3200 1076 242
3201 1150 243
3202 1530 243
3203 1031 244
3204 1308 245
3205 1456 245
3206 984 246
3207 975 246
3208 1485 247
3209 1495 247
3210 1496 247
3211 1497 247
3212 1499 248
3213 1266 248
3214 999 249
3215 1331 249
3216 1228 249
3217 1088 249
3218 1701 250
3219 1450 250
3220 1295 250
3221 1501 250
3222 1500 250
3223 1108 251
3224 1515 251
3225 1892 251
3226 1867 251
3227 1529 251
3228 1464 251
3229 1513 251
3230 1512 251
3231 1516 251
3232 1870 251
3233 1318 251
3234 1514 252
3235 1327 253
3236 1521 253
3237 1194 253
3238 1121 253
3239 1519 253
3240 1518 253
3241 1520 253
3242 1517 253
3243 1339 253
3244 1235 253
3245 1527 254
3246 1528 255
3247 1187 256
3248 1347 256
3249 913 256
3250 951 257
3251 1227 257
3252 1885 257
3253 1456 258
3254 1350 259
3255 1394 259
3256 1127 259
3257 1830 260
3258 1149 261
3259 1152 262
3260 1382 263
3261 1925 264
3262 1904 265
3263 1329 265
3264 1369 265
3265 1838 265
3266 988 265
3267 1264 266
3268 1536 266
3269 1534 266
3270 1402 267
3271 1535 267
3272 1481 267
3273 1549 268
3274 1279 269
3275 1931 269
3276 1435 270
3277 1027 271
3278 1508 272
3279 1456 273
3280 1425 274
3281 1547 275
3282 1191 276
3283 1475 276
3284 1927 277
3285 1927 277
3286 1548 278
3287 1556 278
3288 1031 279
3289 1149 279
3290 1553 279
3291 939 280
3292 1327 280
3293 1558 280
3294 1271 280
3295 1562 281
3296 1551 281
3297 1813 281
3298 1571 281
3299 1554 281
3300 1568 281
3301 1559 281
3302 1372 281
3303 1564 281
3304 1878 282
3305 1878 282
3306 1561 283
3307 1083 283
3308 1567 284
3309 1565 284
3310 1563 285
3311 1712 285
3312 1570 285
3313 1799 286
3314 1437 287
3315 1435 287
3316 1172 287
3317 950 288
3318 1702 288
3319 1141 288
3320 1435 288
3321 1020 289
3322 1841 289
3323 1021 290
3324 1311 290
3325 1577 290
3326 1557 291
3327 1578 291
3328 1508 292
3329 1347 292
3330 1456 293
3331 1580 293
3332 1410 294
3333 1678 294
3334 1337 294
3335 1620 294
3336 1241 295
3337 1361 295
3338 958 296
3339 1001 297
3340 1389 297
3341 915 297
3342 1134 297
3343 1876 297
3344 1221 297
3345 1923 297
3346 918 297
3347 1540 298
3348 1503 298
3349 1948 298
3350 1592 299
3351 1162 299
3352 1195 300
3353 1057 300
3354 1873 300
3355 1898 301
3356 1031 301
3357 1308 302
3358 1375 302
3359 1056 302
3360 1168 303
3361 1333 303
3362 1292 304
3363 1827 304
3364 945 305
3365 1597 305
3366 1599 305
3367 1482 306
3368 1180 306
3369 1902 306
3370 1600 307
3371 1460 307
3372 1263 307
3373 1529 307
3374 966 308
3375 991 308
3376 1013 309
3377 1684 310
3378 1612 310
3379 1835 310
3380 1837 310
3381 1606 310
3382 1608 310
3383 1611 310
3384 1144 310
3385 916 311
3386 1932 311
3387 1103 312
3388 1605 312
3389 1623 313
3390 1607 313
3391 1023 314
3392 1384 314
3393 1273 314
3394 1128 315
3395 1826 315
3396 1918 315
3397 1111 316
3398 1817 316
3399 1403 317
3400 1400 318
3401 1890 319
3402 1028 319
3403 1280 319
3404 1044 319
3405 1447 320
3406 1242 320
3407 1008 321
3408 1283 322
3409 1609 322
3410 1680 322
3411 1224 323
3412 1883 323
3413 1846 323
3414 1277 323
3415 922 323
3416 1448 323
3417 1037 323
3418 1286 323
3419 1537 323
3420 1220 323
3421 1002 323
3422 1869 323
3423 1429 324
3424 1029 324
3425 1406 325
3426 1375 325
3427 1077 326
3428 1800 327
3429 1507 327
3430 1441 328
3431 1871 328
3432 1833 328
3433 1613 328
3434 1483 328
3435 1473 329
3436 1082 329
3437 1626 329
3438 1903 330
3439 1614 330
3440 1615 331
3441 1435 332
3442 1601 333
3443 1824 333
3444 1435 333
3445 1623 334
3446 920 334
3447 1844 335
3448 1291 335
3449 1906 336
3450 1899 336
3451 1377 336
3452 1689 336
3453 1172 337
3454 971 338
3455 1359 338
3456 1336 339
3457 1075 340
3458 1239 340
3459 1299 341
3460 1663 341
3461 1267 341
3462 1623 342
3463 920 342
3464 1416 342
3465 1898 343
3466 1031 343
3467 1251 344
3468 1281 344
3469 1298 344
3470 1299 345
3471 1086 345
3472 922 345
3473 1096 345
3474 1370 347
3475 1623 347
3476 920 347
3477 1129 348
3478 1092 349
3479 1371 349
3480 1649 349
3481 1309 350
3482 1896 350
3483 1845 351
3484 1173 351
3485 1840 351
3486 1672 352
3487 919 352
3488 1648 353
3489 939 353
3490 1682 354
3491 1699 354
3492 1401 354
3493 1365 354
3494 1890 355
3495 1028 355
3496 1908 356
3497 1934 356
3498 1504 357
3499 1168 357
3500 1631 357
3501 1679 357
3502 957 358
3503 1633 358
3504 1804 358
3505 1589 358
3506 1610 359
3507 1030 359
3508 1828 359
3509 1687 360
3510 1602 361
3511 1460 362
3512 1263 362
3513 1658 362
3514 1004 362
3515 1661 363
3516 1632 363
3517 992 363
3518 991 364
3519 1126 364
3520 1209 365
3521 1370 365
3522 1623 365
3523 1484 366
3524 1685 366
3525 1292 366
3526 1656 366
3527 1403 367
3528 1255 368
3529 1288 368
3530 1158 369
3531 923 369
3532 1120 370
3533 1262 370
3534 1377 371
3535 1681 372
3536 1604 372
3537 1667 372
3538 1671 373
3539 1603 373
3540 1271 374
3541 1669 374
3542 1471 374
3543 1433 375
3544 1880 375
3545 1271 376
3546 1669 376
3547 1634 377
3548 1645 378
3549 1194 378
3550 1376 378
3551 1146 379
3552 1271 379
3553 1648 380
3554 939 380
3555 1624 381
3556 1271 381
3557 1640 382
3558 1629 383
3559 1196 383
3560 1905 384
3561 1881 385
3562 1628 385
3563 1550 385
3564 1884 385
3565 1064 386
3566 1048 386
3567 1627 386
3568 1383 387
3569 1230 388
3570 1462 388
3571 1651 388
3572 1650 388
3573 1919 389
3574 1942 390
3575 1385 390
3576 1008 390
3577 1071 391
3578 1412 391
3579 1271 392
3580 1669 392
3581 1400 393
3582 1645 394
3583 1194 394
3584 1376 394
3585 1830 395
3586 1477 395
3587 1683 396
3588 1590 397
3589 992 397
3590 1641 398
3591 1123 398
3592 1351 398
3593 1572 399
3594 1349 399
3595 1626 400
3596 1832 400
3597 1573 401
3598 1180 401
3599 1902 401
3600 1344 401
3601 1531 402
3602 1874 402
3603 1257 402
3604 1433 403
3605 1666 403
3606 1880 403
3607 1950 404
3608 994 405
3609 1895 406
3610 1084 407
3611 1601 407
3612 1435 407
3613 962 408
3614 980 409
3615 1411 409
3616 1006 409
3617 1000 410
3618 1005 410
3619 1505 411
3620 1525 412
3621 973 412
3622 1198 413
3623 938 413
3624 1315 414
3625 1415 414
3626 1116 414
3627 1149 415
3628 1323 415
3629 1446 416
3630 1226 416
3631 953 416
3632 1890 417
3633 1280 417
3634 1901 417
3635 1015 417
3636 1914 417
3637 1028 417
3638 1708 418
3639 1180 418
3640 1623 419
3641 1209 419
3642 920 419
3643 1928 420
3644 1595 420
3645 1713 420
3646 1868 420
3647 1711 421
3648 1450 421
3649 1115 421
3650 1935 422
3651 1089 422
3652 1413 422
3653 1644 423
3654 1943 423
3655 1255 424
3656 1288 424
3657 1149 425
3658 1153 425
3659 1435 426
3660 1399 427
3661 1008 427
3662 1423 427
3663 1282 427
3664 1639 428
3665 1202 428
3666 997 428
3667 1710 428
3668 973 429
3669 1144 429
3670 1382 429
3671 1022 429
3672 959 431
3673 1715 431
3674 1343 431
3675 1398 431
3676 1293 431
3677 1352 431
3678 1706 432
3679 1696 432
3680 1703 432
3681 1210 433
3682 927 434
3683 1655 435
3684 1913 435
3685 1687 436
3686 1384 436
3687 1010 436
3688 1023 436
3689 935 437
3690 1748 437
3691 978 438
3692 1004 438
3693 1765 438
3694 1739 438
3695 1772 438
3696 1725 438
3697 1794 438
3698 1719 439
3699 1031 439
3700 1054 440
3701 1375 440
3702 1294 441
3703 1506 441
3704 1123 441
3705 1065 442
3706 1290 443
3707 1225 443
3708 1938 443
3709 1287 443
3710 1651 444
3711 1650 444
3712 1751 444
3713 1724 444
3714 1462 444
3715 1788 445
3716 1731 446
3717 1768 446
3718 1888 446
3719 1089 447
3720 1413 447
3721 1935 447
3722 1493 448
3723 1112 448
3724 934 448
3725 932 448
3726 1779 449
3727 1289 449
3728 1795 450
3729 1750 451
3730 1695 451
3731 1793 452
3732 1342 452
3733 1787 452
3734 1887 452
3735 1828 453
3736 1575 453
3737 1726 453
3738 1886 453
3739 1716 453
3740 1054 454
3741 1738 454
3742 1707 455
3743 1690 455
3744 1730 456
3745 1180 456
3746 1255 457
3747 1722 457
3748 1288 457
3749 1065 458
3750 1771 458
3751 1253 458
3752 1367 459
3753 1094 459
3754 1486 459
3755 1396 460
3756 1893 460
3757 1950 461
3758 1140 462
3759 1128 462
3760 1826 462
3761 1918 462
3762 1111 463
3763 1818 463
3764 1740 464
3765 1770 464
3766 1775 465
3767 1678 465
3768 1131 466
3769 1721 466
3770 1132 466
3771 1400 467
3772 1583 467
3773 1053 467
3774 1582 467
3775 1206 468
3776 1382 468
3777 1384 469
3778 1273 469
3779 1758 469
3780 1733 469
3781 1769 469
3782 1780 469
3783 1723 469
3784 1732 469
3785 1695 470
3786 1750 470
3787 1687 471
3788 1384 471
3789 1168 472
3790 1504 472
3791 1752 472
3792 1790 473
3793 1137 473
3794 1890 474
3795 1280 474
3796 1028 474
3797 1044 474
3798 1400 475
3799 1784 476
3800 1038 477
3801 1385 478
3802 1008 478
3803 1161 479
3804 1384 479
3805 1023 479
3806 1896 480
3807 1309 480
3808 1435 480
3809 1403 481
3810 1693 482
3811 1129 482
3812 1245 482
3813 1778 482
3814 1158 483
3815 1062 483
3816 1918 483
3817 1709 483
3818 1383 484
3819 1687 485
3820 1375 485
3821 1789 486
3822 1300 486
3823 1396 487
3824 1893 487
3825 1078 488
3826 1467 488
3827 1844 488
3828 1076 488
3829 1437 489
3830 1160 489
3831 1736 490
3832 1717 490
3833 1720 491
3834 1101 491
3835 1761 491
3836 931 492
3837 1070 492
3838 1489 492
3839 1313 493
3840 1288 493
3841 1482 494
3842 1180 494
3843 1902 494
3844 983 495
3845 933 495
3846 983 496
3847 1742 496
3848 1890 497
3849 1385 497
3850 1531 498
3851 1314 498
3852 1257 498
3853 1185 498
3854 1400 499
3855 1745 499
3856 1942 499
3857 1038 500
3858 1427 500
3859 1255 501
3860 1263 501
3861 1004 501
3862 1585 502
3863 1434 502
3864 1184 502
3865 1760 502
3866 1729 502
3867 1786 503
3868 1756 504
3869 1161 505
3870 1755 505
3871 1139 505
3872 1384 505
3873 1576 506
3874 1273 506
3875 1758 506
3876 1586 507
3877 957 507
3878 1749 507
3879 1753 507
3880 1941 507
3881 1600 508
3882 1460 508
3883 1529 508
3884 1414 509
3885 1700 509
3886 1231 510
3887 967 510
3888 1031 511
3889 1588 511
3890 945 512
3891 1599 512
3892 1597 512
3893 966 513
3894 991 513
3895 1531 514
3896 1257 514
3897 1639 515
3898 1060 515
3899 1182 516
3900 1777 516
3901 924 516
3902 943 517
3903 1497 517
3904 1485 517
3905 1488 517
3906 1763 518
3907 1538 518
3908 1890 519
3909 1728 520
3910 1255 521
3911 1796 521
3912 921 521
3913 1502 521
3914 1004 521
3915 1720 522
3916 1761 522
3917 1734 523
3918 1252 523
3919 1247 523
3920 1705 523
3921 1665 523
3922 1646 523
3923 1539 524
3924 1265 524
3925 1546 525
3926 1147 525
3927 1219 526
3928 1802 526
3929 1188 526
3930 1284 526
3931 1269 526
3932 1647 527
3933 1776 527
3934 1714 527
3935 1704 527
3936 1653 527
3937 1741 527
3938 1317 528
3939 957 528
3940 1589 528
3941 1648 529
3942 939 529
3943 1533 530
3944 1815 530
3945 1296 530
3946 1169 530
3947 966 531
3948 991 531
3949 1552 531
3950 1746 532
3951 933 532
3952 983 532
3953 1541 533
3954 1697 533
3955 1743 534
3956 933 534
3957 983 534
3958 1435 535
3959 1172 535
3960 1774 536
3961 1178 536
3962 1792 537
3963 1781 537
3964 1040 538
3965 1492 539
3966 1532 539
3967 1792 540
3968 1781 540
3969 1754 541
3970 1177 541
3971 1542 541
3972 1031 541
3973 1396 542
3974 1773 543
3975 1148 543
3976 1694 543
3977 1939 544
3978 1524 544
3979 1574 544
3980 1529 545
3981 1460 545
3982 1791 545
3983 1545 546
3984 1366 546
3985 925 546
3986 1600 547
3987 1460 547
3988 1766 547
3989 1502 547
3990 1232 547
3991 1623 548
3992 1585 548
3993 1434 548
3994 1184 548
3995 1762 548
3996 1767 549
3997 925 549
3998 1691 549
3999 1598 549
4000 1240 550
4001 1757 550
4002 986 551
4003 1601 551
4004 1172 552
4005 1782 553
4006 910 553
4007 1206 554
4008 1214 554
4009 1480 554
4010 1531 555
4011 1874 555
4012 1257 555
4013 1638 556
4014 1543 556
4015 1688 556
4016 1727 557
4017 1747 557
4018 1129 557
4019 1477 558
4020 1657 558
4021 1830 558
4022 1433 559
4023 1785 559
4024 1543 560
4025 1544 560
4026 1638 560
4027 925 561
4028 1744 561
4029 1692 561
4030 1396 562
4031 1375 562
4032 1687 563
4033 1783 564
4034 1146 564
4035 1573 565
4036 1180 565
4037 1902 565
4038 1596 566
4039 983 566
4040 1529 567
4041 1591 567
4042 1867 567
4043 1601 568
4044 1759 568
4045 1437 568
4046 1178 569
4047 1937 569
4048 1735 569
4049 1639 570
4050 1008 570
4051 1623 571
4052 1377 571
4053 1737 571
4054 1764 571
4055 1912 572
4056 1145 573
4057 1149 573
4058 1244 574
4059 1358 574
4060 1326 574
4061 1271 575
4062 1327 575
4063 1031 576
4064 1797 577
4065 1946 578
4066 967 578
4067 1635 578
4068 1946 579
4069 1936 579
4070 1584 579
4071 945 580
4072 1130 580
4073 1798 580
4074 968 581
4075 1192 581
4076 1808 582
4077 997 583
4078 1032 583
4079 1202 583
4080 1060 583
4081 1104 584
4082 1190 584
4083 1812 584
4084 1810 584
4085 1811 584
4086 1809 584
4087 1814 585
4088 1872 585
4089 1382 586
4090 1677 586
4091 954 587
4092 1393 587
4093 1138 587
4094 1569 587
4095 995 588
4096 1760 589
4097 940 589
4098 1947 589
4099 1327 589
4100 1060 590
4101 975 590
4102 1202 590
4103 1857 591
4104 1856 591
4105 1862 591
4106 1859 591
4107 1860 591
4108 947 591
4109 1861 592
4110 1673 592
4111 1858 593
4112 1854 594
4113 1855 594
4114 1851 594
4115 1850 594
4116 1038 595
4117 1444 595
4118 947 596
4119 1566 596
4120 1853 596
4121 1114 597
4122 1026 597
4123 1852 597
4124 1452 597
4125 1511 598
4126 1435 598
4127 1848 599
4128 1511 599
4129 1375 600
4130 1045 600
4131 1469 601
4132 1331 602
4133 1237 602
4134 1821 603
4135 977 603
4136 1823 603
4137 1864 603
4138 1405 603
4139 1457 604
4140 1618 604
4141 1522 604
4142 1180 605
4143 1623 606
4144 1377 606
4145 1737 606
4146 1384 607
4147 1010 607
4148 1008 608
4149 1385 608
4150 1942 608
4151 1106 609
4152 1382 610
4153 1677 610
4154 1026 611
4155 1452 611
4156 1114 611
4157 1805 612
4158 1087 612
4159 1820 613
4160 1222 613
4161 955 613
4162 1818 613
4163 1167 613
4164 1478 613