0 16.25 32.0 28.75 12.666666984558105 
1 14.5 21.0 16.75 12.666666984558105 
2 12.75 11.25 14.0 14.666666984558105 
3 12.5 8.75 10.75 14.666666984558105 
4 12.25 7.75 7.0 8.666666984558105 
5 11.25 7.5 5.75 8.666666984558105 
6 10.25 7.25 5.5 12.0 
7 10.75 6.5 5.5 12.0 
8 10.5 6.0 5.5 11.333333015441895 
9 10.5 6.0 5.5 11.333333015441895 
10 10.5 6.0 5.0 8.0 
11 10.5 5.75 4.5 8.0 
12 10.5 5.25 4.25 8.666666984558105 
13 10.5 5.0 3.75 8.666666984558105 
14 10.25 4.75 3.5 18.0 
15 11.0 4.5 3.25 18.0 
16 10.5 4.25 3.0 6.666666507720947 
17 10.0 3.75 3.0 6.666666507720947 
18 10.0 3.25 3.0 4.0 
19 10.0 3.0 2.75 4.0 
20 10.0 3.0 2.5 5.333333492279053 
21 10.0 3.0 2.5 5.333333492279053 
22 10.0 3.0 2.5 10.666666984558105 
23 10.0 3.0 2.5 10.666666984558105 
24 10.0 3.0 2.5 10.666666984558105 
25 10.0 3.0 2.5 10.666666984558105 
26 10.0 2.75 2.5 6.666666507720947 
27 10.0 2.5 2.5 6.666666507720947 
28 10.0 2.5 2.5 6.666666507720947 
29 10.0 2.5 2.5 6.666666507720947 
30 10.0 2.5 2.5 6.0 
31 10.0 2.5 2.5 6.0 
32 10.0 2.5 2.5 5.333333492279053 
33 10.0 2.5 2.5 5.333333492279053 
34 10.0 2.5 2.5 6.0 
35 10.0 2.5 2.5 6.0 
36 10.0 2.5 2.5 8.0 
37 10.0 2.5 2.5 8.0 
38 10.0 2.5 2.5 11.333333015441895 
39 10.0 2.5 2.5 11.333333015441895 
40 10.0 2.5 2.25 7.333333492279053 
41 10.0 2.5 2.0 7.333333492279053 
42 10.0 2.5 2.0 5.333333492279053 
43 10.0 2.5 2.0 5.333333492279053 
44 10.0 2.5 2.0 6.0 
45 10.0 2.5 2.0 6.0 
46 10.0 2.5 2.0 8.0 
47 10.0 2.5 2.0 8.0 
48 10.0 2.5 2.0 14.0 
49 10.0 2.5 2.0 14.0 
