0 12.666666666666666
1 12.666666666666666
2 14.666666666666666
3 14.666666666666666
4 8.666666666666666
5 8.666666666666666
6 12.0
7 12.0
8 11.333333333333334
9 11.333333333333334
10 8.0
11 8.0
12 8.666666666666666
13 8.666666666666666
14 18.0
15 18.0
16 6.666666666666667
17 6.666666666666667
18 4.0
19 4.0
20 5.333333333333333
21 5.333333333333333
22 10.666666666666666
23 10.666666666666666
24 10.666666666666666
25 10.666666666666666
26 6.666666666666667
27 6.666666666666667
28 6.666666666666667
29 6.666666666666667
30 6.0
31 6.0
32 5.333333333333333
33 5.333333333333333
34 6.0
35 6.0
36 8.0
37 8.0
38 11.333333333333334
39 11.333333333333334
40 7.333333333333333
41 7.333333333333333
42 5.333333333333333
43 5.333333333333333
44 6.0
45 6.0
46 8.0
47 8.0
48 14.0
49 14.0
